2000
0| 141 48 
1| 213 15 
2| 2 189 
3| 164 166 
4| 72 134 
5| 175 205 
6| 70 254 
7| 208 252 
8| 38 194 
9| 231 63 
10| 25 205 
11| 164 29 
12| 234 148 
13| 138 123 
14| 151 92 
15| 12 37 
16| 140 226 
17| 52 142 
18| 159 216 
19| 52 231 
20| 94 228 
21| 180 165 
22| 226 132 
23| 161 8 
24| 71 136 
25| 72 96 
26| 85 236 
27| 125 64 
28| 128 8 
29| 187 24 
30| 100 200 
31| 61 240 
32| 170 113 
33| 126 73 
34| 74 179 
35| 48 168 
36| 151 228 
37| 77 121 
38| 105 238 
39| 130 176 
40| 119 202 
41| 16 204 
42| 182 141 
43| 12 55 
44| 149 200 
45| 79 249 
46| 144 140 
47| 233 58 
48| 253 104 
49| 131 71 
50| 27 179 
51| 240 178 
52| 151 61 
53| 43 0 
54| 44 173 
55| 176 163 
56| 119 192 
57| 111 46 
58| 78 124 
59| 101 227 
60| 68 180 
61| 221 212 
62| 64 198 
63| 14 61 
64| 46 145 
65| 133 73 
66| 68 117 
67| 251 219 
68| 178 39 
69| 220 222 
70| 212 140 
71| 129 76 
72| 77 241 
73| 122 155 
74| 109 223 
75| 126 177 
76| 147 91 
77| 133 211 
78| 34 147 
79| 16 80 
80| 36 149 
81| 154 104 
82| 10 149 
83| 67 189 
84| 188 31 
85| 155 145 
86| 172 29 
87| 221 249 
88| 14 87 
89| 148 123 
90| 54 18 
91| 44 201 
92| 110 177 
93| 156 144 
94| 68 172 
95| 224 104 
96| 66 122 
97| 208 76 
98| 16 19 
99| 9 204 
100| 51 165 
101| 93 223 
102| 194 58 
103| 216 208 
104| 145 108 
105| 75 199 
106| 126 119 
107| 144 236 
108| 40 44 
109| 124 108 
110| 217 93 
111| 212 27 
112| 215 164 
113| 103 231 
114| 183 113 
115| 180 234 
116| 22 17 
117| 201 216 
118| 76 161 
119| 168 221 
120| 13 243 
121| 165 140 
122| 106 53 
123| 120 146 
124| 98 245 
125| 254 59 
126| 82 210 
127| 86 41 
128| 118 189 
129| 17 45 
130| 46 197 
131| 24 68 
132| 214 225 
133| 28 34 
134| 131 196 
135| 0 144 
136| 183 165 
137| 28 33 
138| 218 149 
139| 179 60 
140| 138 177 
141| 119 220 
142| 131 205 
143| 5 249 
144| 139 22 
145| 39 185 
146| 219 63 
147| 254 178 
148| 32 26 
149| 212 163 
150| 223 212 
151| 52 150 
152| 121 80 
153| 184 84 
154| 229 107 
155| 144 111 
156| 29 8 
157| 75 160 
158| 213 81 
159| 154 96 
160| 103 193 
161| 26 67 
162| 0 24 
163| 245 32 
164| 50 201 
165| 196 17 
166| 158 248 
167| 168 23 
168| 72 96 
169| 107 46 
170| 203 252 
171| 157 232 
172| 4 233 
173| 137 217 
174| 58 35 
175| 58 161 
176| 228 84 
177| 228 228 
178| 108 217 
179| 4 158 
180| 163 200 
181| 176 65 
182| 192 88 
183| 88 9 
184| 184 196 
185| 55 131 
186| 192 212 
187| 108 196 
188| 189 245 
189| 157 247 
190| 24 215 
191| 153 252 
192| 43 125 
193| 224 151 
194| 87 228 
195| 54 250 
196| 173 230 
197| 59 109 
198| 62 147 
199| 118 246 
200| 87 173 
201| 121 23 
202| 130 229 
203| 219 63 
204| 218 121 
205| 55 242 
206| 80 208 
207| 238 124 
208| 77 206 
209| 19 164 
210| 179 73 
211| 158 96 
212| 47 217 
213| 205 109 
214| 109 68 
215| 99 196 
216| 241 221 
217| 220 115 
218| 194 183 
219| 179 157 
220| 48 234 
221| 143 129 
222| 186 126 
223| 253 7 
224| 76 16 
225| 172 255 
226| 90 74 
227| 95 137 
228| 36 45 
229| 247 145 
230| 113 90 
231| 85 98 
232| 55 49 
233| 214 250 
234| 233 137 
235| 151 25 
236| 115 38 
237| 154 45 
238| 164 151 
239| 52 241 
240| 168 224 
241| 240 2 
242| 43 80 
243| 139 79 
244| 125 130 
245| 224 238 
246| 221 53 
247| 80 20 
248| 103 38 
249| 14 80 
250| 175 165 
251| 105 34 
252| 204 4 
253| 79 112 
254| 155 132 
255| 97 67 
256| 100 82 
257| 69 143 
258| 162 209 
259| 222 31 
260| 83 190 
261| 13 48 
262| 244 93 
263| 69 91 
264| 132 83 
265| 171 51 
266| 249 20 
267| 86 197 
268| 24 165 
269| 53 180 
270| 41 151 
271| 247 142 
272| 233 61 
273| 29 139 
274| 14 252 
275| 170 97 
276| 186 183 
277| 146 174 
278| 20 215 
279| 9 152 
280| 42 180 
281| 204 35 
282| 201 34 
283| 232 225 
284| 199 30 
285| 149 241 
286| 181 141 
287| 127 158 
288| 202 156 
289| 41 216 
290| 152 211 
291| 57 83 
292| 138 203 
293| 1 158 
294| 162 11 
295| 55 205 
296| 191 3 
297| 240 136 
298| 37 217 
299| 106 236 
300| 247 255 
301| 221 172 
302| 140 92 
303| 74 86 
304| 249 115 
305| 46 145 
306| 70 104 
307| 228 208 
308| 51 230 
309| 110 214 
310| 241 165 
311| 163 176 
312| 168 147 
313| 57 205 
314| 108 163 
315| 186 99 
316| 162 151 
317| 15 47 
318| 244 89 
319| 133 237 
320| 204 180 
321| 126 18 
322| 28 99 
323| 226 79 
324| 73 81 
325| 37 58 
326| 246 200 
327| 234 159 
328| 92 35 
329| 108 200 
330| 198 38 
331| 44 105 
332| 190 59 
333| 152 178 
334| 149 29 
335| 159 97 
336| 209 29 
337| 116 237 
338| 128 86 
339| 61 201 
340| 167 98 
341| 3 158 
342| 43 238 
343| 61 135 
344| 17 169 
345| 79 216 
346| 208 123 
347| 65 142 
348| 183 217 
349| 64 76 
350| 246 223 
351| 173 200 
352| 252 33 
353| 181 125 
354| 120 242 
355| 70 31 
356| 85 74 
357| 189 128 
358| 56 250 
359| 7 73 
360| 164 86 
361| 33 116 
362| 210 98 
363| 2 137 
364| 59 66 
365| 213 50 
366| 33 130 
367| 250 29 
368| 164 175 
369| 154 28 
370| 162 225 
371| 59 247 
372| 43 249 
373| 119 99 
374| 243 126 
375| 172 151 
376| 212 206 
377| 11 166 
378| 48 13 
379| 47 108 
380| 79 4 
381| 158 112 
382| 135 152 
383| 142 43 
384| 71 40 
385| 71 233 
386| 9 130 
387| 224 52 
388| 123 87 
389| 151 111 
390| 213 68 
391| 6 170 
392| 18 18 
393| 80 66 
394| 31 128 
395| 174 111 
396| 132 76 
397| 223 11 
398| 228 109 
399| 54 44 
400| 150 125 
401| 21 159 
402| 0 246 
403| 212 123 
404| 77 107 
405| 234 35 
406| 175 241 
407| 205 193 
408| 3 29 
409| 4 34 
410| 157 178 
411| 145 34 
412| 255 113 
413| 45 227 
414| 222 100 
415| 15 116 
416| 225 37 
417| 20 225 
418| 27 232 
419| 93 104 
420| 83 71 
421| 139 3 
422| 56 88 
423| 196 59 
424| 118 200 
425| 94 19 
426| 123 239 
427| 53 122 
428| 96 99 
429| 93 63 
430| 199 109 
431| 179 168 
432| 146 199 
433| 138 173 
434| 175 231 
435| 21 3 
436| 46 161 
437| 6 103 
438| 249 202 
439| 162 111 
440| 147 0 
441| 131 14 
442| 240 184 
443| 136 80 
444| 27 229 
445| 143 226 
446| 82 67 
447| 139 228 
448| 10 21 
449| 145 186 
450| 252 167 
451| 189 42 
452| 72 195 
453| 145 65 
454| 141 52 
455| 177 32 
456| 52 52 
457| 46 36 
458| 236 182 
459| 117 8 
460| 156 4 
461| 234 238 
462| 71 117 
463| 211 82 
464| 138 100 
465| 12 134 
466| 11 201 
467| 177 83 
468| 140 66 
469| 149 25 
470| 118 70 
471| 58 171 
472| 122 104 
473| 207 102 
474| 31 68 
475| 110 187 
476| 73 89 
477| 169 144 
478| 206 124 
479| 226 89 
480| 225 238 
481| 223 236 
482| 183 144 
483| 64 67 
484| 211 213 
485| 93 73 
486| 27 151 
487| 244 149 
488| 255 196 
489| 251 30 
490| 8 106 
491| 217 81 
492| 195 131 
493| 226 145 
494| 255 196 
495| 234 224 
496| 179 202 
497| 205 106 
498| 90 13 
499| 174 45 
500| 226 11 
501| 119 253 
502| 162 107 
503| 146 161 
504| 47 141 
505| 192 56 
506| 247 153 
507| 137 186 
508| 28 107 
509| 76 28 
510| 48 54 
511| 252 227 
512| 0 201 
513| 77 91 
514| 214 251 
515| 136 184 
516| 6 255 
517| 181 168 
518| 107 71 
519| 74 154 
520| 213 10 
521| 210 204 
522| 163 92 
523| 135 192 
524| 199 211 
525| 220 247 
526| 9 216 
527| 218 10 
528| 162 40 
529| 101 120 
530| 35 237 
531| 49 42 
532| 237 230 
533| 210 88 
534| 46 28 
535| 242 3 
536| 38 197 
537| 207 202 
538| 33 86 
539| 138 232 
540| 41 102 
541| 224 51 
542| 62 186 
543| 61 224 
544| 226 162 
545| 89 6 
546| 143 138 
547| 48 124 
548| 112 2 
549| 212 158 
550| 31 199 
551| 161 69 
552| 140 113 
553| 15 173 
554| 199 153 
555| 149 241 
556| 255 117 
557| 36 62 
558| 48 97 
559| 30 18 
560| 3 119 
561| 24 146 
562| 1 72 
563| 15 114 
564| 75 227 
565| 16 106 
566| 170 178 
567| 175 54 
568| 35 191 
569| 227 234 
570| 88 121 
571| 219 88 
572| 238 255 
573| 150 30 
574| 96 180 
575| 49 99 
576| 44 73 
577| 246 45 
578| 146 5 
579| 159 221 
580| 232 176 
581| 71 147 
582| 98 246 
583| 201 133 
584| 181 173 
585| 111 14 
586| 38 75 
587| 102 20 
588| 74 252 
589| 51 171 
590| 176 100 
591| 14 220 
592| 173 4 
593| 10 63 
594| 9 169 
595| 28 242 
596| 89 99 
597| 133 187 
598| 90 78 
599| 64 15 
600| 251 176 
601| 29 33 
602| 251 131 
603| 54 69 
604| 127 105 
605| 240 48 
606| 205 255 
607| 12 122 
608| 3 22 
609| 186 13 
610| 192 214 
611| 255 25 
612| 58 132 
613| 213 148 
614| 210 21 
615| 163 206 
616| 197 193 
617| 239 192 
618| 68 37 
619| 6 196 
620| 142 246 
621| 244 91 
622| 245 0 
623| 214 249 
624| 23 144 
625| 6 215 
626| 102 5 
627| 240 160 
628| 137 197 
629| 52 91 
630| 219 216 
631| 41 160 
632| 153 25 
633| 97 221 
634| 62 103 
635| 161 205 
636| 93 149 
637| 40 83 
638| 150 254 
639| 76 173 
640| 142 82 
641| 132 245 
642| 87 116 
643| 149 224 
644| 58 202 
645| 59 21 
646| 162 101 
647| 181 59 
648| 126 22 
649| 24 188 
650| 125 186 
651| 137 219 
652| 79 178 
653| 46 229 
654| 176 122 
655| 146 63 
656| 204 22 
657| 52 35 
658| 139 201 
659| 3 197 
660| 147 62 
661| 218 53 
662| 163 143 
663| 112 33 
664| 166 137 
665| 222 35 
666| 67 103 
667| 254 146 
668| 25 44 
669| 120 202 
670| 166 10 
671| 9 114 
672| 33 61 
673| 149 172 
674| 6 152 
675| 113 154 
676| 215 75 
677| 207 122 
678| 218 64 
679| 156 128 
680| 201 122 
681| 164 12 
682| 225 162 
683| 158 251 
684| 207 22 
685| 197 117 
686| 33 206 
687| 232 66 
688| 11 125 
689| 238 17 
690| 22 95 
691| 171 237 
692| 170 123 
693| 103 132 
694| 187 3 
695| 5 132 
696| 125 169 
697| 144 95 
698| 75 46 
699| 90 26 
700| 69 31 
701| 144 102 
702| 237 120 
703| 168 248 
704| 245 150 
705| 9 11 
706| 245 181 
707| 248 159 
708| 48 96 
709| 35 235 
710| 99 40 
711| 111 225 
712| 209 255 
713| 64 29 
714| 45 154 
715| 55 114 
716| 185 199 
717| 216 166 
718| 63 128 
719| 158 53 
720| 22 167 
721| 64 11 
722| 92 57 
723| 170 140 
724| 153 206 
725| 119 252 
726| 246 230 
727| 221 200 
728| 229 29 
729| 229 19 
730| 183 28 
731| 133 112 
732| 228 94 
733| 22 35 
734| 222 180 
735| 88 245 
736| 92 153 
737| 0 184 
738| 210 171 
739| 69 107 
740| 121 188 
741| 103 111 
742| 163 69 
743| 55 136 
744| 98 28 
745| 155 26 
746| 57 33 
747| 138 29 
748| 127 161 
749| 64 93 
750| 85 153 
751| 82 177 
752| 50 83 
753| 106 4 
754| 254 175 
755| 111 119 
756| 107 214 
757| 230 14 
758| 27 30 
759| 151 126 
760| 58 50 
761| 152 115 
762| 83 34 
763| 144 210 
764| 195 209 
765| 48 25 
766| 106 130 
767| 202 156 
768| 213 52 
769| 160 211 
770| 227 15 
771| 74 79 
772| 229 49 
773| 93 1 
774| 79 244 
775| 127 137 
776| 39 23 
777| 253 122 
778| 57 141 
779| 77 253 
780| 94 125 
781| 22 200 
782| 255 224 
783| 100 213 
784| 21 4 
785| 168 248 
786| 19 243 
787| 71 249 
788| 36 165 
789| 250 115 
790| 153 121 
791| 252 192 
792| 144 249 
793| 59 201 
794| 135 136 
795| 198 229 
796| 5 220 
797| 174 4 
798| 189 18 
799| 217 210 
800| 23 130 
801| 202 42 
802| 117 18 
803| 35 153 
804| 183 29 
805| 12 80 
806| 150 8 
807| 17 38 
808| 2 76 
809| 240 137 
810| 212 182 
811| 110 217 
812| 147 28 
813| 221 80 
814| 47 183 
815| 34 70 
816| 57 236 
817| 112 174 
818| 254 148 
819| 71 181 
820| 177 83 
821| 6 72 
822| 91 23 
823| 110 93 
824| 99 94 
825| 230 55 
826| 21 85 
827| 16 168 
828| 113 237 
829| 248 160 
830| 164 26 
831| 230 221 
832| 6 87 
833| 139 5 
834| 235 210 
835| 186 156 
836| 37 192 
837| 228 129 
838| 215 83 
839| 222 58 
840| 177 197 
841| 113 198 
842| 26 129 
843| 110 139 
844| 111 102 
845| 44 19 
846| 128 18 
847| 241 135 
848| 105 124 
849| 140 84 
850| 79 70 
851| 241 116 
852| 7 213 
853| 245 222 
854| 40 212 
855| 25 218 
856| 153 138 
857| 160 179 
858| 12 15 
859| 62 123 
860| 117 106 
861| 142 246 
862| 125 127 
863| 125 230 
864| 252 9 
865| 59 75 
866| 79 44 
867| 191 86 
868| 1 181 
869| 53 42 
870| 137 78 
871| 4 34 
872| 216 164 
873| 213 228 
874| 179 19 
875| 95 41 
876| 126 238 
877| 31 251 
878| 109 156 
879| 225 105 
880| 165 28 
881| 180 244 
882| 72 116 
883| 75 74 
884| 41 128 
885| 116 178 
886| 206 120 
887| 212 166 
888| 28 169 
889| 139 208 
890| 188 234 
891| 249 58 
892| 216 24 
893| 53 70 
894| 180 23 
895| 175 89 
896| 51 100 
897| 77 124 
898| 216 152 
899| 198 1 
900| 24 58 
901| 179 230 
902| 178 135 
903| 141 206 
904| 48 24 
905| 158 236 
906| 2 151 
907| 39 219 
908| 175 92 
909| 33 99 
910| 115 208 
911| 188 167 
912| 52 10 
913| 35 12 
914| 162 233 
915| 13 187 
916| 35 192 
917| 161 213 
918| 71 46 
919| 163 119 
920| 70 66 
921| 100 73 
922| 217 139 
923| 36 137 
924| 231 69 
925| 236 91 
926| 21 169 
927| 2 74 
928| 179 37 
929| 86 85 
930| 14 100 
931| 16 49 
932| 36 178 
933| 6 108 
934| 224 169 
935| 227 39 
936| 235 71 
937| 112 197 
938| 210 148 
939| 78 186 
940| 217 58 
941| 21 238 
942| 227 23 
943| 56 150 
944| 60 143 
945| 236 74 
946| 243 252 
947| 123 23 
948| 174 129 
949| 131 143 
950| 42 103 
951| 182 22 
952| 174 38 
953| 219 129 
954| 186 41 
955| 59 147 
956| 99 80 
957| 129 71 
958| 103 186 
959| 221 163 
960| 73 201 
961| 237 60 
962| 198 104 
963| 83 116 
964| 233 215 
965| 3 19 
966| 62 185 
967| 41 236 
968| 223 4 
969| 109 153 
970| 45 168 
971| 44 145 
972| 248 174 
973| 216 95 
974| 104 181 
975| 2 177 
976| 127 239 
977| 237 69 
978| 87 64 
979| 185 64 
980| 23 189 
981| 84 85 
982| 118 125 
983| 66 86 
984| 130 175 
985| 239 175 
986| 88 28 
987| 64 80 
988| 202 24 
989| 176 50 
990| 206 178 
991| 227 77 
992| 162 208 
993| 146 249 
994| 16 75 
995| 58 40 
996| 8 142 
997| 125 127 
998| 11 191 
999| 213 141 
1000| 111 196 
1001| 61 199 
1002| 224 125 
1003| 23 170 
1004| 150 199 
1005| 220 100 
1006| 122 191 
1007| 177 28 
1008| 143 67 
1009| 21 160 
1010| 142 79 
1011| 200 151 
1012| 221 69 
1013| 22 233 
1014| 5 235 
1015| 118 116 
1016| 175 179 
1017| 59 144 
1018| 49 82 
1019| 58 199 
1020| 26 23 
1021| 43 148 
1022| 214 220 
1023| 176 102 
1024| 31 197 
1025| 6 173 
1026| 21 206 
1027| 68 242 
1028| 19 90 
1029| 219 24 
1030| 69 82 
1031| 140 245 
1032| 5 199 
1033| 133 54 
1034| 26 191 
1035| 253 52 
1036| 214 40 
1037| 200 173 
1038| 4 120 
1039| 19 35 
1040| 61 25 
1041| 209 82 
1042| 231 21 
1043| 69 250 
1044| 112 32 
1045| 19 181 
1046| 114 159 
1047| 170 120 
1048| 103 47 
1049| 174 129 
1050| 239 172 
1051| 181 197 
1052| 212 125 
1053| 114 217 
1054| 245 133 
1055| 252 50 
1056| 158 205 
1057| 133 133 
1058| 227 202 
1059| 128 83 
1060| 234 147 
1061| 8 93 
1062| 50 179 
1063| 213 153 
1064| 226 131 
1065| 26 209 
1066| 47 207 
1067| 151 4 
1068| 76 9 
1069| 221 65 
1070| 143 217 
1071| 116 45 
1072| 167 249 
1073| 179 138 
1074| 195 51 
1075| 221 173 
1076| 198 229 
1077| 10 248 
1078| 152 223 
1079| 146 123 
1080| 99 172 
1081| 76 146 
1082| 124 227 
1083| 150 200 
1084| 237 115 
1085| 10 124 
1086| 77 126 
1087| 169 244 
1088| 119 92 
1089| 126 58 
1090| 143 91 
1091| 231 85 
1092| 64 242 
1093| 78 217 
1094| 209 224 
1095| 84 52 
1096| 140 160 
1097| 199 8 
1098| 132 93 
1099| 209 113 
1100| 209 219 
1101| 237 30 
1102| 89 150 
1103| 18 208 
1104| 243 144 
1105| 10 130 
1106| 235 241 
1107| 216 43 
1108| 227 38 
1109| 4 181 
1110| 6 88 
1111| 233 146 
1112| 249 176 
1113| 155 125 
1114| 14 108 
1115| 238 223 
1116| 71 219 
1117| 253 160 
1118| 113 15 
1119| 112 100 
1120| 159 122 
1121| 231 138 
1122| 107 191 
1123| 181 79 
1124| 229 186 
1125| 4 235 
1126| 18 237 
1127| 125 11 
1128| 158 24 
1129| 136 172 
1130| 132 118 
1131| 139 203 
1132| 81 136 
1133| 107 195 
1134| 151 219 
1135| 39 54 
1136| 85 14 
1137| 192 193 
1138| 205 117 
1139| 16 178 
1140| 47 20 
1141| 157 66 
1142| 1 27 
1143| 77 159 
1144| 51 214 
1145| 75 184 
1146| 76 214 
1147| 131 158 
1148| 94 239 
1149| 97 245 
1150| 202 136 
1151| 43 32 
1152| 151 235 
1153| 225 100 
1154| 97 241 
1155| 23 144 
1156| 5 180 
1157| 210 6 
1158| 207 32 
1159| 166 3 
1160| 246 241 
1161| 187 66 
1162| 200 62 
1163| 224 38 
1164| 45 65 
1165| 28 248 
1166| 202 71 
1167| 24 97 
1168| 51 249 
1169| 197 148 
1170| 234 220 
1171| 36 239 
1172| 145 247 
1173| 245 96 
1174| 23 155 
1175| 99 13 
1176| 141 30 
1177| 79 85 
1178| 93 48 
1179| 123 138 
1180| 113 151 
1181| 130 59 
1182| 223 154 
1183| 156 18 
1184| 147 98 
1185| 166 125 
1186| 62 202 
1187| 108 207 
1188| 193 98 
1189| 48 216 
1190| 253 147 
1191| 229 138 
1192| 178 53 
1193| 223 15 
1194| 101 91 
1195| 153 214 
1196| 242 28 
1197| 18 209 
1198| 182 174 
1199| 227 74 
1200| 16 137 
1201| 199 79 
1202| 84 52 
1203| 30 21 
1204| 150 78 
1205| 238 147 
1206| 226 211 
1207| 30 148 
1208| 8 253 
1209| 163 109 
1210| 88 60 
1211| 68 75 
1212| 88 86 
1213| 28 15 
1214| 4 0 
1215| 89 21 
1216| 137 32 
1217| 100 221 
1218| 84 130 
1219| 243 234 
1220| 209 225 
1221| 126 179 
1222| 180 156 
1223| 71 189 
1224| 153 234 
1225| 42 242 
1226| 38 110 
1227| 61 127 
1228| 196 89 
1229| 142 201 
1230| 89 231 
1231| 222 227 
1232| 7 66 
1233| 192 92 
1234| 196 179 
1235| 70 149 
1236| 148 196 
1237| 72 73 
1238| 96 143 
1239| 6 250 
1240| 121 48 
1241| 236 160 
1242| 159 41 
1243| 31 99 
1244| 130 173 
1245| 44 220 
1246| 148 10 
1247| 191 155 
1248| 76 127 
1249| 247 17 
1250| 51 62 
1251| 166 199 
1252| 2 239 
1253| 16 99 
1254| 126 22 
1255| 93 248 
1256| 71 73 
1257| 152 230 
1258| 114 183 
1259| 73 244 
1260| 100 118 
1261| 208 248 
1262| 128 143 
1263| 147 205 
1264| 15 139 
1265| 222 66 
1266| 201 132 
1267| 9 203 
1268| 115 26 
1269| 46 242 
1270| 48 139 
1271| 234 119 
1272| 212 130 
1273| 93 70 
1274| 57 167 
1275| 59 157 
1276| 29 11 
1277| 149 157 
1278| 155 40 
1279| 106 170 
1280| 179 72 
1281| 236 124 
1282| 205 245 
1283| 72 64 
1284| 15 118 
1285| 50 64 
1286| 2 28 
1287| 183 214 
1288| 158 21 
1289| 29 215 
1290| 188 88 
1291| 116 217 
1292| 99 9 
1293| 118 254 
1294| 50 225 
1295| 168 229 
1296| 41 148 
1297| 98 246 
1298| 138 170 
1299| 55 153 
1300| 32 105 
1301| 217 34 
1302| 134 145 
1303| 249 36 
1304| 166 22 
1305| 252 98 
1306| 110 112 
1307| 59 209 
1308| 122 177 
1309| 208 172 
1310| 146 120 
1311| 145 188 
1312| 13 243 
1313| 178 151 
1314| 157 233 
1315| 48 190 
1316| 83 10 
1317| 224 217 
1318| 155 217 
1319| 253 65 
1320| 239 249 
1321| 163 93 
1322| 106 222 
1323| 47 228 
1324| 143 255 
1325| 144 34 
1326| 119 33 
1327| 222 132 
1328| 21 144 
1329| 27 178 
1330| 122 76 
1331| 112 205 
1332| 86 81 
1333| 166 241 
1334| 42 163 
1335| 50 26 
1336| 157 213 
1337| 119 7 
1338| 179 166 
1339| 235 66 
1340| 165 123 
1341| 100 29 
1342| 156 66 
1343| 161 177 
1344| 211 189 
1345| 100 77 
1346| 9 212 
1347| 26 95 
1348| 37 192 
1349| 80 80 
1350| 99 130 
1351| 106 0 
1352| 87 225 
1353| 7 10 
1354| 136 242 
1355| 76 45 
1356| 109 177 
1357| 74 10 
1358| 243 236 
1359| 187 198 
1360| 169 31 
1361| 19 178 
1362| 244 45 
1363| 17 25 
1364| 237 97 
1365| 105 81 
1366| 227 211 
1367| 81 58 
1368| 181 89 
1369| 68 61 
1370| 75 144 
1371| 106 185 
1372| 65 181 
1373| 195 53 
1374| 161 126 
1375| 251 74 
1376| 158 15 
1377| 252 146 
1378| 60 13 
1379| 171 42 
1380| 110 21 
1381| 123 81 
1382| 232 204 
1383| 139 157 
1384| 37 207 
1385| 218 113 
1386| 95 69 
1387| 42 161 
1388| 250 237 
1389| 214 155 
1390| 107 209 
1391| 229 9 
1392| 224 225 
1393| 155 29 
1394| 238 71 
1395| 71 92 
1396| 92 194 
1397| 173 68 
1398| 142 56 
1399| 226 180 
1400| 7 188 
1401| 37 102 
1402| 1 79 
1403| 7 251 
1404| 60 221 
1405| 150 167 
1406| 175 123 
1407| 177 143 
1408| 92 76 
1409| 172 74 
1410| 147 243 
1411| 166 239 
1412| 181 83 
1413| 52 68 
1414| 139 22 
1415| 248 146 
1416| 210 29 
1417| 249 212 
1418| 108 0 
1419| 207 168 
1420| 222 102 
1421| 79 141 
1422| 225 0 
1423| 28 62 
1424| 77 201 
1425| 136 224 
1426| 188 47 
1427| 208 114 
1428| 130 4 
1429| 182 14 
1430| 26 174 
1431| 160 236 
1432| 203 153 
1433| 192 55 
1434| 154 144 
1435| 223 120 
1436| 246 46 
1437| 5 215 
1438| 47 33 
1439| 21 124 
1440| 234 158 
1441| 92 167 
1442| 205 44 
1443| 25 79 
1444| 48 207 
1445| 93 74 
1446| 125 254 
1447| 55 72 
1448| 151 247 
1449| 127 49 
1450| 135 94 
1451| 169 125 
1452| 140 174 
1453| 85 187 
1454| 208 106 
1455| 55 186 
1456| 8 148 
1457| 97 213 
1458| 192 122 
1459| 37 241 
1460| 73 130 
1461| 59 198 
1462| 128 114 
1463| 14 24 
1464| 106 141 
1465| 73 241 
1466| 235 243 
1467| 111 120 
1468| 161 196 
1469| 51 113 
1470| 46 107 
1471| 44 55 
1472| 255 141 
1473| 12 191 
1474| 8 49 
1475| 176 81 
1476| 180 236 
1477| 24 52 
1478| 94 38 
1479| 76 200 
1480| 180 150 
1481| 186 159 
1482| 137 41 
1483| 23 42 
1484| 237 75 
1485| 156 27 
1486| 182 200 
1487| 82 181 
1488| 85 95 
1489| 116 93 
1490| 144 37 
1491| 175 68 
1492| 17 199 
1493| 121 111 
1494| 237 197 
1495| 56 161 
1496| 91 242 
1497| 65 228 
1498| 27 88 
1499| 15 8 
1500| 163 171 
1501| 35 89 
1502| 115 118 
1503| 14 200 
1504| 213 131 
1505| 38 101 
1506| 168 213 
1507| 170 185 
1508| 156 35 
1509| 40 137 
1510| 232 96 
1511| 43 68 
1512| 82 108 
1513| 40 109 
1514| 196 55 
1515| 117 104 
1516| 226 153 
1517| 193 85 
1518| 15 208 
1519| 30 228 
1520| 83 68 
1521| 73 251 
1522| 25 243 
1523| 180 181 
1524| 22 220 
1525| 62 255 
1526| 61 105 
1527| 67 143 
1528| 213 107 
1529| 253 154 
1530| 163 114 
1531| 2 133 
1532| 11 195 
1533| 219 26 
1534| 147 249 
1535| 254 230 
1536| 61 72 
1537| 225 86 
1538| 59 149 
1539| 11 82 
1540| 114 73 
1541| 81 175 
1542| 179 148 
1543| 62 136 
1544| 255 59 
1545| 34 162 
1546| 174 36 
1547| 40 185 
1548| 232 3 
1549| 212 123 
1550| 252 210 
1551| 98 57 
1552| 26 67 
1553| 143 86 
1554| 217 154 
1555| 168 75 
1556| 227 249 
1557| 250 150 
1558| 141 56 
1559| 31 140 
1560| 116 65 
1561| 47 34 
1562| 102 87 
1563| 219 78 
1564| 90 175 
1565| 201 86 
1566| 130 43 
1567| 143 156 
1568| 111 30 
1569| 242 72 
1570| 184 154 
1571| 147 155 
1572| 147 141 
1573| 50 32 
1574| 197 81 
1575| 173 57 
1576| 146 220 
1577| 91 248 
1578| 51 55 
1579| 70 141 
1580| 230 16 
1581| 227 104 
1582| 59 114 
1583| 5 170 
1584| 144 247 
1585| 242 72 
1586| 146 133 
1587| 227 37 
1588| 18 21 
1589| 70 216 
1590| 102 243 
1591| 17 249 
1592| 207 109 
1593| 241 2 
1594| 164 56 
1595| 143 138 
1596| 72 114 
1597| 243 131 
1598| 228 248 
1599| 46 116 
1600| 239 32 
1601| 188 129 
1602| 166 159 
1603| 167 184 
1604| 181 237 
1605| 144 27 
1606| 224 162 
1607| 20 175 
1608| 15 6 
1609| 177 179 
1610| 62 64 
1611| 61 134 
1612| 178 48 
1613| 9 150 
1614| 40 55 
1615| 10 24 
1616| 88 198 
1617| 153 254 
1618| 101 64 
1619| 182 26 
1620| 45 71 
1621| 54 13 
1622| 233 74 
1623| 188 248 
1624| 80 109 
1625| 171 142 
1626| 173 232 
1627| 20 95 
1628| 25 30 
1629| 245 65 
1630| 85 255 
1631| 89 173 
1632| 197 243 
1633| 171 43 
1634| 51 98 
1635| 69 97 
1636| 169 123 
1637| 110 146 
1638| 198 43 
1639| 138 22 
1640| 152 53 
1641| 165 70 
1642| 29 185 
1643| 165 54 
1644| 215 155 
1645| 120 45 
1646| 154 209 
1647| 218 96 
1648| 196 134 
1649| 139 248 
1650| 232 208 
1651| 89 145 
1652| 76 199 
1653| 35 18 
1654| 242 173 
1655| 40 139 
1656| 226 205 
1657| 209 255 
1658| 135 118 
1659| 54 94 
1660| 17 174 
1661| 139 172 
1662| 127 102 
1663| 12 68 
1664| 236 151 
1665| 60 212 
1666| 103 149 
1667| 101 179 
1668| 92 136 
1669| 197 79 
1670| 53 238 
1671| 218 23 
1672| 187 171 
1673| 22 66 
1674| 33 76 
1675| 161 51 
1676| 250 44 
1677| 223 122 
1678| 146 235 
1679| 190 126 
1680| 130 250 
1681| 82 233 
1682| 143 183 
1683| 157 235 
1684| 63 98 
1685| 58 116 
1686| 80 20 
1687| 139 12 
1688| 191 162 
1689| 78 225 
1690| 238 239 
1691| 20 233 
1692| 28 243 
1693| 99 174 
1694| 222 33 
1695| 45 96 
1696| 27 127 
1697| 73 170 
1698| 55 230 
1699| 149 118 
1700| 73 208 
1701| 235 153 
1702| 228 118 
1703| 165 164 
1704| 24 244 
1705| 133 7 
1706| 227 153 
1707| 240 255 
1708| 140 83 
1709| 174 106 
1710| 116 219 
1711| 202 143 
1712| 90 19 
1713| 57 145 
1714| 250 206 
1715| 8 67 
1716| 158 243 
1717| 220 131 
1718| 105 130 
1719| 39 130 
1720| 118 172 
1721| 137 89 
1722| 69 121 
1723| 89 209 
1724| 204 7 
1725| 59 64 
1726| 226 5 
1727| 207 60 
1728| 24 8 
1729| 206 18 
1730| 214 214 
1731| 85 117 
1732| 201 50 
1733| 248 50 
1734| 180 31 
1735| 180 42 
1736| 203 61 
1737| 131 16 
1738| 182 220 
1739| 225 130 
1740| 227 28 
1741| 194 197 
1742| 33 145 
1743| 2 57 
1744| 153 208 
1745| 76 112 
1746| 166 161 
1747| 229 111 
1748| 211 221 
1749| 161 135 
1750| 252 86 
1751| 177 199 
1752| 147 53 
1753| 215 74 
1754| 17 184 
1755| 204 245 
1756| 212 143 
1757| 186 245 
1758| 32 188 
1759| 46 186 
1760| 140 122 
1761| 42 50 
1762| 28 15 
1763| 161 239 
1764| 236 67 
1765| 119 232 
1766| 153 40 
1767| 175 44 
1768| 93 134 
1769| 118 111 
1770| 62 67 
1771| 100 18 
1772| 210 30 
1773| 7 242 
1774| 219 53 
1775| 172 103 
1776| 176 214 
1777| 154 204 
1778| 229 59 
1779| 187 209 
1780| 126 50 
1781| 185 23 
1782| 91 104 
1783| 68 184 
1784| 238 186 
1785| 39 44 
1786| 253 139 
1787| 62 207 
1788| 170 69 
1789| 194 133 
1790| 123 110 
1791| 236 43 
1792| 69 134 
1793| 247 42 
1794| 194 178 
1795| 252 64 
1796| 229 181 
1797| 88 64 
1798| 30 156 
1799| 248 12 
1800| 86 32 
1801| 57 84 
1802| 171 119 
1803| 35 85 
1804| 189 229 
1805| 218 56 
1806| 84 199 
1807| 99 153 
1808| 77 90 
1809| 195 15 
1810| 12 191 
1811| 80 241 
1812| 117 168 
1813| 49 147 
1814| 68 42 
1815| 159 154 
1816| 74 216 
1817| 238 245 
1818| 80 18 
1819| 75 13 
1820| 247 37 
1821| 69 75 
1822| 236 168 
1823| 228 58 
1824| 2 168 
1825| 73 14 
1826| 103 153 
1827| 0 220 
1828| 65 49 
1829| 111 133 
1830| 91 15 
1831| 32 165 
1832| 231 14 
1833| 155 55 
1834| 32 230 
1835| 68 24 
1836| 11 137 
1837| 99 248 
1838| 49 72 
1839| 50 51 
1840| 240 123 
1841| 66 87 
1842| 21 66 
1843| 52 86 
1844| 115 163 
1845| 220 207 
1846| 178 252 
1847| 116 154 
1848| 10 15 
1849| 209 43 
1850| 245 22 
1851| 67 1 
1852| 159 166 
1853| 249 209 
1854| 238 43 
1855| 4 222 
1856| 166 70 
1857| 54 187 
1858| 136 106 
1859| 18 252 
1860| 13 238 
1861| 203 192 
1862| 234 63 
1863| 90 244 
1864| 79 43 
1865| 31 68 
1866| 65 98 
1867| 69 225 
1868| 9 62 
1869| 178 247 
1870| 105 182 
1871| 214 16 
1872| 253 12 
1873| 203 133 
1874| 118 221 
1875| 129 131 
1876| 203 76 
1877| 67 181 
1878| 140 157 
1879| 170 219 
1880| 201 201 
1881| 31 10 
1882| 44 101 
1883| 235 53 
1884| 163 157 
1885| 44 13 
1886| 84 2 
1887| 29 81 
1888| 14 232 
1889| 214 132 
1890| 198 88 
1891| 8 145 
1892| 164 75 
1893| 71 48 
1894| 233 241 
1895| 11 178 
1896| 186 43 
1897| 188 230 
1898| 144 168 
1899| 27 51 
1900| 69 72 
1901| 64 153 
1902| 74 93 
1903| 234 89 
1904| 70 193 
1905| 221 12 
1906| 25 229 
1907| 157 189 
1908| 49 228 
1909| 238 26 
1910| 213 249 
1911| 204 144 
1912| 36 136 
1913| 118 180 
1914| 48 146 
1915| 232 118 
1916| 218 40 
1917| 15 36 
1918| 134 250 
1919| 125 204 
1920| 187 91 
1921| 216 212 
1922| 64 117 
1923| 145 113 
1924| 90 127 
1925| 139 47 
1926| 121 87 
1927| 191 157 
1928| 224 54 
1929| 82 16 
1930| 200 58 
1931| 134 162 
1932| 98 150 
1933| 198 232 
1934| 144 68 
1935| 180 75 
1936| 159 140 
1937| 31 223 
1938| 2 176 
1939| 81 92 
1940| 48 220 
1941| 139 169 
1942| 52 75 
1943| 70 20 
1944| 129 152 
1945| 36 73 
1946| 210 171 
1947| 235 53 
1948| 65 177 
1949| 29 209 
1950| 245 210 
1951| 28 148 
1952| 94 59 
1953| 116 96 
1954| 235 197 
1955| 188 27 
1956| 161 72 
1957| 196 213 
1958| 147 11 
1959| 233 20 
1960| 163 14 
1961| 93 118 
1962| 185 72 
1963| 171 250 
1964| 249 200 
1965| 203 239 
1966| 154 231 
1967| 131 249 
1968| 34 247 
1969| 89 13 
1970| 188 22 
1971| 41 94 
1972| 94 237 
1973| 51 241 
1974| 248 29 
1975| 5 156 
1976| 43 98 
1977| 18 228 
1978| 170 189 
1979| 222 163 
1980| 133 169 
1981| 146 32 
1982| 144 22 
1983| 25 178 
1984| 13 114 
1985| 191 202 
1986| 136 232 
1987| 40 230 
1988| 214 91 
1989| 215 206 
1990| 120 220 
1991| 106 163 
1992| 62 124 
1993| 135 232 
1994| 57 101 
1995| 140 191 
1996| 14 30 
1997| 223 158 
1998| 52 248 
1999| 80 66 
