5000
0| 167 91 
1| 245 103 
2| 29 83 
3| 81 206 
4| 253 223 
5| 40 237 
6| 31 196 
7| 131 188 
8| 41 168 
9| 232 18 
10| 152 205 
11| 16 240 
12| 28 198 
13| 190 193 
14| 85 157 
15| 50 252 
16| 248 39 
17| 99 21 
18| 122 181 
19| 227 119 
20| 148 12 
21| 100 180 
22| 208 231 
23| 112 249 
24| 144 88 
25| 11 40 
26| 38 28 
27| 24 66 
28| 226 214 
29| 4 55 
30| 115 54 
31| 52 107 
32| 93 151 
33| 129 215 
34| 76 100 
35| 79 225 
36| 112 179 
37| 149 65 
38| 155 5 
39| 58 43 
40| 93 70 
41| 83 131 
42| 98 107 
43| 198 68 
44| 65 202 
45| 124 181 
46| 0 176 
47| 32 93 
48| 71 161 
49| 52 148 
50| 6 131 
51| 117 118 
52| 55 10 
53| 183 210 
54| 15 242 
55| 253 108 
56| 56 80 
57| 240 154 
58| 187 182 
59| 222 252 
60| 128 90 
61| 177 128 
62| 10 210 
63| 221 82 
64| 115 17 
65| 230 121 
66| 149 91 
67| 240 204 
68| 101 167 
69| 158 116 
70| 153 155 
71| 224 209 
72| 235 208 
73| 107 166 
74| 134 74 
75| 162 6 
76| 164 84 
77| 134 175 
78| 38 99 
79| 1 153 
80| 117 231 
81| 19 10 
82| 66 3 
83| 214 167 
84| 170 116 
85| 27 68 
86| 15 251 
87| 21 250 
88| 204 129 
89| 160 82 
90| 203 66 
91| 89 111 
92| 150 223 
93| 30 188 
94| 67 31 
95| 86 184 
96| 6 105 
97| 194 72 
98| 108 152 
99| 239 22 
100| 12 10 
101| 90 27 
102| 6 112 
103| 21 210 
104| 241 181 
105| 36 188 
106| 247 125 
107| 43 142 
108| 93 74 
109| 74 160 
110| 105 160 
111| 88 112 
112| 9 26 
113| 184 117 
114| 178 168 
115| 140 190 
116| 178 230 
117| 217 184 
118| 86 238 
119| 138 71 
120| 163 175 
121| 3 154 
122| 44 47 
123| 40 137 
124| 121 115 
125| 41 226 
126| 19 129 
127| 82 29 
128| 155 11 
129| 146 77 
130| 179 30 
131| 11 101 
132| 5 228 
133| 30 91 
134| 210 168 
135| 163 117 
136| 87 166 
137| 16 132 
138| 213 56 
139| 13 78 
140| 171 55 
141| 49 191 
142| 184 131 
143| 220 84 
144| 142 110 
145| 161 65 
146| 141 173 
147| 167 146 
148| 145 197 
149| 237 100 
150| 109 144 
151| 217 197 
152| 55 233 
153| 73 12 
154| 34 86 
155| 91 205 
156| 141 140 
157| 140 70 
158| 15 104 
159| 154 158 
160| 215 59 
161| 223 100 
162| 232 134 
163| 246 122 
164| 75 227 
165| 222 185 
166| 116 183 
167| 126 171 
168| 161 199 
169| 183 195 
170| 29 18 
171| 144 171 
172| 158 29 
173| 241 174 
174| 133 139 
175| 76 92 
176| 198 43 
177| 192 175 
178| 178 182 
179| 41 253 
180| 154 7 
181| 182 14 
182| 190 52 
183| 185 95 
184| 251 112 
185| 34 25 
186| 131 179 
187| 196 33 
188| 208 181 
189| 207 85 
190| 64 27 
191| 178 6 
192| 71 114 
193| 181 249 
194| 41 222 
195| 246 195 
196| 229 173 
197| 209 164 
198| 225 138 
199| 3 221 
200| 250 38 
201| 246 125 
202| 217 186 
203| 159 169 
204| 111 110 
205| 254 175 
206| 138 176 
207| 181 209 
208| 35 107 
209| 202 76 
210| 73 192 
211| 15 47 
212| 109 224 
213| 211 79 
214| 106 214 
215| 44 100 
216| 252 34 
217| 226 213 
218| 220 129 
219| 126 75 
220| 239 125 
221| 250 121 
222| 45 175 
223| 74 80 
224| 26 20 
225| 156 100 
226| 213 171 
227| 147 66 
228| 139 102 
229| 145 245 
230| 60 189 
231| 90 57 
232| 223 60 
233| 14 187 
234| 189 141 
235| 6 172 
236| 10 0 
237| 38 55 
238| 176 112 
239| 136 202 
240| 133 36 
241| 46 90 
242| 208 193 
243| 156 91 
244| 39 46 
245| 81 100 
246| 235 171 
247| 157 203 
248| 231 171 
249| 134 164 
250| 56 141 
251| 80 66 
252| 141 118 
253| 122 61 
254| 231 2 
255| 8 108 
256| 38 54 
257| 198 246 
258| 248 98 
259| 82 31 
260| 144 163 
261| 131 124 
262| 78 32 
263| 71 53 
264| 204 205 
265| 217 4 
266| 90 41 
267| 71 232 
268| 160 193 
269| 37 135 
270| 195 45 
271| 243 233 
272| 100 185 
273| 224 92 
274| 27 50 
275| 123 172 
276| 213 255 
277| 40 35 
278| 31 111 
279| 88 235 
280| 60 49 
281| 240 151 
282| 90 55 
283| 127 250 
284| 248 164 
285| 129 187 
286| 210 116 
287| 164 54 
288| 45 132 
289| 146 73 
290| 182 13 
291| 245 139 
292| 12 29 
293| 174 44 
294| 140 6 
295| 23 200 
296| 55 7 
297| 95 146 
298| 62 222 
299| 140 54 
300| 131 14 
301| 241 85 
302| 130 150 
303| 139 176 
304| 26 29 
305| 249 209 
306| 42 238 
307| 92 55 
308| 11 11 
309| 99 151 
310| 17 122 
311| 95 73 
312| 130 191 
313| 219 192 
314| 157 103 
315| 247 32 
316| 117 232 
317| 117 248 
318| 126 0 
319| 168 153 
320| 29 161 
321| 106 72 
322| 143 198 
323| 127 154 
324| 209 226 
325| 49 227 
326| 92 144 
327| 44 222 
328| 79 7 
329| 159 237 
330| 110 150 
331| 13 228 
332| 126 131 
333| 220 253 
334| 131 132 
335| 150 161 
336| 37 0 
337| 233 180 
338| 198 104 
339| 78 152 
340| 74 127 
341| 123 166 
342| 15 167 
343| 133 95 
344| 174 36 
345| 76 28 
346| 186 89 
347| 0 56 
348| 220 220 
349| 53 96 
350| 96 203 
351| 1 133 
352| 203 234 
353| 57 146 
354| 82 135 
355| 42 156 
356| 6 165 
357| 66 22 
358| 76 199 
359| 117 250 
360| 235 193 
361| 22 165 
362| 26 23 
363| 222 247 
364| 243 19 
365| 87 84 
366| 223 88 
367| 217 170 
368| 66 19 
369| 60 148 
370| 154 102 
371| 48 161 
372| 11 114 
373| 183 87 
374| 58 44 
375| 81 37 
376| 237 104 
377| 203 7 
378| 127 169 
379| 254 114 
380| 188 85 
381| 198 155 
382| 173 160 
383| 70 239 
384| 179 130 
385| 131 77 
386| 233 179 
387| 238 244 
388| 38 165 
389| 76 96 
390| 209 157 
391| 133 190 
392| 5 80 
393| 198 132 
394| 249 196 
395| 247 182 
396| 26 189 
397| 81 199 
398| 93 151 
399| 183 16 
400| 26 58 
401| 94 3 
402| 238 76 
403| 247 20 
404| 242 67 
405| 116 195 
406| 225 249 
407| 130 230 
408| 74 72 
409| 107 67 
410| 12 98 
411| 249 38 
412| 31 75 
413| 238 125 
414| 226 165 
415| 141 252 
416| 223 235 
417| 255 205 
418| 56 247 
419| 225 42 
420| 58 85 
421| 237 27 
422| 79 111 
423| 2 153 
424| 183 109 
425| 220 196 
426| 207 214 
427| 234 238 
428| 33 216 
429| 107 3 
430| 125 249 
431| 0 93 
432| 228 255 
433| 42 28 
434| 246 12 
435| 70 49 
436| 97 52 
437| 76 176 
438| 163 78 
439| 73 91 
440| 187 38 
441| 31 138 
442| 252 9 
443| 121 29 
444| 226 228 
445| 32 95 
446| 221 32 
447| 188 194 
448| 32 231 
449| 222 22 
450| 243 37 
451| 71 84 
452| 89 148 
453| 5 252 
454| 226 78 
455| 87 158 
456| 116 118 
457| 40 112 
458| 128 161 
459| 141 98 
460| 134 174 
461| 193 99 
462| 206 126 
463| 37 238 
464| 101 4 
465| 5 88 
466| 41 76 
467| 172 130 
468| 224 177 
469| 126 195 
470| 0 214 
471| 97 116 
472| 76 137 
473| 229 204 
474| 43 114 
475| 46 177 
476| 32 240 
477| 20 239 
478| 110 58 
479| 221 211 
480| 62 226 
481| 43 103 
482| 47 215 
483| 233 15 
484| 137 103 
485| 210 137 
486| 61 51 
487| 253 138 
488| 189 226 
489| 86 232 
490| 85 133 
491| 153 117 
492| 117 173 
493| 100 227 
494| 231 66 
495| 182 37 
496| 36 225 
497| 140 83 
498| 184 117 
499| 99 65 
500| 221 53 
501| 202 26 
502| 105 200 
503| 164 38 
504| 170 251 
505| 14 255 
506| 128 167 
507| 117 245 
508| 84 217 
509| 216 60 
510| 27 142 
511| 97 64 
512| 111 238 
513| 147 39 
514| 99 246 
515| 105 64 
516| 44 51 
517| 91 149 
518| 251 255 
519| 187 166 
520| 250 201 
521| 165 122 
522| 112 26 
523| 111 196 
524| 244 71 
525| 0 15 
526| 213 98 
527| 79 68 
528| 80 227 
529| 108 179 
530| 217 213 
531| 244 5 
532| 8 79 
533| 154 4 
534| 78 85 
535| 170 73 
536| 30 79 
537| 195 142 
538| 106 51 
539| 83 94 
540| 122 83 
541| 109 80 
542| 181 189 
543| 148 5 
544| 160 0 
545| 185 121 
546| 213 173 
547| 127 222 
548| 252 25 
549| 226 74 
550| 111 140 
551| 147 141 
552| 219 87 
553| 28 69 
554| 138 111 
555| 163 4 
556| 194 17 
557| 84 120 
558| 206 233 
559| 125 110 
560| 233 54 
561| 231 191 
562| 227 102 
563| 157 223 
564| 128 127 
565| 42 239 
566| 11 189 
567| 124 230 
568| 20 152 
569| 44 158 
570| 7 207 
571| 163 202 
572| 224 247 
573| 66 174 
574| 224 191 
575| 28 202 
576| 246 4 
577| 137 217 
578| 106 38 
579| 185 234 
580| 165 227 
581| 217 176 
582| 160 86 
583| 150 181 
584| 238 194 
585| 83 246 
586| 146 246 
587| 192 114 
588| 238 2 
589| 33 206 
590| 193 61 
591| 152 183 
592| 65 33 
593| 145 172 
594| 71 74 
595| 150 236 
596| 45 112 
597| 156 205 
598| 198 51 
599| 130 180 
600| 245 214 
601| 170 135 
602| 204 106 
603| 250 186 
604| 108 27 
605| 137 46 
606| 88 33 
607| 229 154 
608| 67 118 
609| 70 138 
610| 192 220 
611| 119 237 
612| 76 19 
613| 187 18 
614| 70 61 
615| 199 60 
616| 19 113 
617| 195 224 
618| 220 189 
619| 154 72 
620| 216 35 
621| 118 49 
622| 69 92 
623| 203 136 
624| 210 17 
625| 18 147 
626| 237 137 
627| 128 58 
628| 157 59 
629| 76 227 
630| 121 19 
631| 31 140 
632| 133 227 
633| 108 97 
634| 160 7 
635| 169 121 
636| 42 32 
637| 170 111 
638| 124 117 
639| 247 78 
640| 134 10 
641| 225 115 
642| 147 98 
643| 173 48 
644| 157 250 
645| 20 22 
646| 13 51 
647| 163 146 
648| 22 15 
649| 243 183 
650| 22 157 
651| 48 65 
652| 189 218 
653| 176 57 
654| 79 168 
655| 135 213 
656| 178 105 
657| 72 69 
658| 203 246 
659| 118 104 
660| 240 138 
661| 127 253 
662| 189 34 
663| 144 212 
664| 49 131 
665| 139 72 
666| 32 187 
667| 137 221 
668| 149 57 
669| 22 228 
670| 225 158 
671| 185 147 
672| 7 1 
673| 217 210 
674| 247 79 
675| 58 231 
676| 217 185 
677| 229 150 
678| 219 117 
679| 106 13 
680| 248 245 
681| 85 25 
682| 176 222 
683| 246 69 
684| 23 13 
685| 41 249 
686| 171 226 
687| 140 178 
688| 228 101 
689| 132 219 
690| 180 190 
691| 195 141 
692| 120 168 
693| 36 83 
694| 29 142 
695| 96 21 
696| 132 181 
697| 46 52 
698| 147 37 
699| 122 171 
700| 50 163 
701| 164 221 
702| 134 48 
703| 143 106 
704| 150 19 
705| 69 74 
706| 209 8 
707| 216 73 
708| 176 252 
709| 157 205 
710| 138 253 
711| 227 14 
712| 179 17 
713| 67 70 
714| 54 189 
715| 241 104 
716| 96 149 
717| 69 230 
718| 198 212 
719| 80 92 
720| 231 150 
721| 166 185 
722| 158 126 
723| 2 79 
724| 122 159 
725| 28 5 
726| 157 255 
727| 19 80 
728| 17 86 
729| 150 71 
730| 19 136 
731| 176 116 
732| 29 245 
733| 90 227 
734| 202 171 
735| 63 177 
736| 65 230 
737| 106 223 
738| 100 109 
739| 46 223 
740| 12 75 
741| 228 169 
742| 74 247 
743| 249 91 
744| 78 144 
745| 163 97 
746| 24 83 
747| 213 53 
748| 72 48 
749| 25 18 
750| 219 88 
751| 196 28 
752| 62 46 
753| 251 163 
754| 155 42 
755| 130 168 
756| 117 102 
757| 81 191 
758| 93 75 
759| 27 171 
760| 219 190 
761| 13 243 
762| 17 226 
763| 40 89 
764| 18 65 
765| 108 237 
766| 154 48 
767| 9 216 
768| 94 5 
769| 123 250 
770| 47 253 
771| 162 164 
772| 99 243 
773| 99 193 
774| 62 126 
775| 108 25 
776| 60 121 
777| 12 77 
778| 92 53 
779| 167 110 
780| 118 19 
781| 92 16 
782| 67 101 
783| 233 161 
784| 106 100 
785| 155 153 
786| 98 61 
787| 61 197 
788| 49 161 
789| 134 111 
790| 31 243 
791| 137 92 
792| 108 149 
793| 169 200 
794| 202 80 
795| 55 65 
796| 99 147 
797| 81 166 
798| 248 58 
799| 72 99 
800| 159 227 
801| 252 1 
802| 33 58 
803| 198 82 
804| 219 77 
805| 193 250 
806| 64 74 
807| 86 172 
808| 224 0 
809| 117 170 
810| 80 172 
811| 235 180 
812| 63 61 
813| 90 55 
814| 119 162 
815| 154 22 
816| 134 151 
817| 23 167 
818| 209 222 
819| 249 172 
820| 43 186 
821| 166 107 
822| 5 253 
823| 23 229 
824| 253 140 
825| 143 77 
826| 56 123 
827| 1 119 
828| 184 92 
829| 175 47 
830| 254 73 
831| 70 132 
832| 224 93 
833| 43 177 
834| 59 36 
835| 93 102 
836| 223 4 
837| 209 228 
838| 1 233 
839| 201 254 
840| 117 88 
841| 75 174 
842| 211 77 
843| 37 139 
844| 169 212 
845| 187 167 
846| 30 1 
847| 44 254 
848| 94 87 
849| 176 154 
850| 124 13 
851| 0 91 
852| 17 210 
853| 63 18 
854| 187 8 
855| 16 48 
856| 96 92 
857| 222 52 
858| 169 4 
859| 191 82 
860| 216 122 
861| 249 246 
862| 123 37 
863| 245 218 
864| 125 165 
865| 116 249 
866| 178 116 
867| 84 196 
868| 70 147 
869| 214 1 
870| 155 231 
871| 50 251 
872| 67 16 
873| 47 236 
874| 20 239 
875| 62 237 
876| 105 55 
877| 227 229 
878| 93 216 
879| 191 218 
880| 125 51 
881| 211 48 
882| 167 39 
883| 244 238 
884| 186 202 
885| 239 85 
886| 177 33 
887| 80 244 
888| 50 128 
889| 224 70 
890| 111 30 
891| 51 216 
892| 86 23 
893| 189 179 
894| 239 124 
895| 141 109 
896| 175 96 
897| 157 87 
898| 135 145 
899| 69 65 
900| 91 52 
901| 150 13 
902| 86 230 
903| 1 136 
904| 102 226 
905| 206 213 
906| 0 2 
907| 174 86 
908| 25 107 
909| 9 8 
910| 232 150 
911| 117 151 
912| 246 18 
913| 238 125 
914| 163 51 
915| 190 255 
916| 104 84 
917| 12 190 
918| 59 13 
919| 70 161 
920| 239 20 
921| 119 240 
922| 22 37 
923| 70 47 
924| 144 80 
925| 56 120 
926| 230 173 
927| 16 221 
928| 192 254 
929| 90 99 
930| 50 25 
931| 98 154 
932| 109 110 
933| 88 168 
934| 124 158 
935| 74 107 
936| 178 193 
937| 91 201 
938| 230 162 
939| 248 118 
940| 242 48 
941| 239 216 
942| 222 255 
943| 181 158 
944| 253 16 
945| 1 47 
946| 41 100 
947| 201 150 
948| 210 33 
949| 63 78 
950| 191 137 
951| 186 114 
952| 74 21 
953| 59 48 
954| 183 51 
955| 166 169 
956| 100 149 
957| 130 66 
958| 148 55 
959| 224 146 
960| 71 225 
961| 193 112 
962| 69 139 
963| 7 24 
964| 172 70 
965| 102 108 
966| 207 32 
967| 222 25 
968| 54 25 
969| 73 237 
970| 76 239 
971| 151 176 
972| 133 25 
973| 242 25 
974| 80 210 
975| 171 152 
976| 180 109 
977| 8 249 
978| 248 15 
979| 17 164 
980| 85 120 
981| 16 36 
982| 152 238 
983| 61 206 
984| 7 134 
985| 188 84 
986| 118 83 
987| 4 251 
988| 108 247 
989| 20 188 
990| 201 192 
991| 84 125 
992| 45 93 
993| 119 37 
994| 108 136 
995| 201 194 
996| 0 218 
997| 230 153 
998| 200 36 
999| 103 208 
1000| 170 35 
1001| 36 32 
1002| 118 40 
1003| 27 226 
1004| 31 48 
1005| 159 233 
1006| 240 243 
1007| 102 29 
1008| 80 221 
1009| 66 189 
1010| 102 11 
1011| 127 102 
1012| 229 101 
1013| 255 174 
1014| 137 103 
1015| 126 52 
1016| 138 162 
1017| 84 1 
1018| 202 112 
1019| 227 234 
1020| 160 130 
1021| 211 144 
1022| 118 57 
1023| 173 198 
1024| 23 239 
1025| 131 125 
1026| 250 2 
1027| 227 224 
1028| 104 227 
1029| 142 241 
1030| 74 12 
1031| 37 212 
1032| 174 122 
1033| 213 120 
1034| 234 185 
1035| 98 138 
1036| 59 53 
1037| 26 177 
1038| 111 199 
1039| 120 134 
1040| 182 251 
1041| 3 176 
1042| 254 230 
1043| 144 102 
1044| 201 30 
1045| 87 19 
1046| 42 125 
1047| 232 216 
1048| 247 189 
1049| 81 225 
1050| 118 179 
1051| 107 178 
1052| 233 133 
1053| 99 88 
1054| 76 219 
1055| 222 2 
1056| 215 225 
1057| 178 213 
1058| 199 67 
1059| 59 145 
1060| 97 146 
1061| 164 140 
1062| 15 140 
1063| 100 6 
1064| 74 181 
1065| 231 192 
1066| 105 82 
1067| 114 82 
1068| 215 214 
1069| 170 35 
1070| 177 136 
1071| 37 136 
1072| 105 216 
1073| 93 48 
1074| 27 152 
1075| 193 124 
1076| 43 102 
1077| 8 58 
1078| 242 109 
1079| 65 60 
1080| 34 40 
1081| 253 139 
1082| 123 111 
1083| 221 82 
1084| 69 135 
1085| 118 247 
1086| 15 155 
1087| 127 120 
1088| 115 221 
1089| 169 142 
1090| 117 106 
1091| 11 160 
1092| 208 19 
1093| 219 195 
1094| 128 28 
1095| 255 163 
1096| 68 252 
1097| 46 191 
1098| 108 12 
1099| 18 177 
1100| 147 136 
1101| 168 163 
1102| 35 40 
1103| 27 151 
1104| 5 196 
1105| 37 122 
1106| 47 48 
1107| 27 255 
1108| 68 246 
1109| 194 196 
1110| 18 194 
1111| 103 86 
1112| 190 150 
1113| 22 42 
1114| 162 40 
1115| 220 53 
1116| 176 132 
1117| 216 211 
1118| 172 244 
1119| 106 177 
1120| 184 144 
1121| 44 231 
1122| 192 71 
1123| 231 4 
1124| 61 169 
1125| 201 79 
1126| 107 48 
1127| 165 42 
1128| 198 187 
1129| 84 104 
1130| 227 48 
1131| 158 147 
1132| 181 118 
1133| 103 97 
1134| 106 209 
1135| 19 35 
1136| 97 63 
1137| 10 34 
1138| 134 241 
1139| 38 195 
1140| 155 239 
1141| 18 6 
1142| 32 183 
1143| 48 230 
1144| 115 133 
1145| 79 86 
1146| 181 237 
1147| 234 106 
1148| 99 81 
1149| 204 206 
1150| 34 223 
1151| 241 132 
1152| 30 251 
1153| 166 164 
1154| 237 204 
1155| 103 136 
1156| 188 121 
1157| 142 220 
1158| 48 191 
1159| 194 163 
1160| 68 17 
1161| 250 249 
1162| 254 228 
1163| 100 98 
1164| 53 48 
1165| 48 87 
1166| 15 33 
1167| 219 45 
1168| 28 129 
1169| 209 9 
1170| 78 56 
1171| 145 10 
1172| 177 32 
1173| 230 225 
1174| 223 168 
1175| 133 35 
1176| 186 127 
1177| 28 184 
1178| 99 128 
1179| 26 152 
1180| 176 74 
1181| 239 191 
1182| 107 203 
1183| 236 136 
1184| 76 189 
1185| 145 154 
1186| 245 35 
1187| 164 166 
1188| 67 138 
1189| 136 34 
1190| 51 13 
1191| 69 237 
1192| 140 97 
1193| 165 239 
1194| 226 192 
1195| 135 146 
1196| 10 118 
1197| 82 118 
1198| 65 62 
1199| 254 142 
1200| 252 143 
1201| 40 241 
1202| 178 205 
1203| 152 245 
1204| 87 32 
1205| 23 138 
1206| 45 92 
1207| 119 185 
1208| 190 29 
1209| 168 160 
1210| 221 47 
1211| 50 231 
1212| 165 132 
1213| 93 231 
1214| 195 91 
1215| 117 191 
1216| 235 157 
1217| 176 157 
1218| 106 72 
1219| 147 194 
1220| 104 170 
1221| 76 149 
1222| 7 196 
1223| 78 197 
1224| 225 246 
1225| 101 190 
1226| 37 151 
1227| 165 203 
1228| 28 3 
1229| 178 223 
1230| 94 39 
1231| 158 73 
1232| 196 78 
1233| 231 47 
1234| 151 122 
1235| 241 255 
1236| 36 61 
1237| 149 43 
1238| 1 227 
1239| 240 226 
1240| 218 85 
1241| 160 255 
1242| 237 70 
1243| 202 9 
1244| 73 124 
1245| 232 167 
1246| 163 134 
1247| 241 104 
1248| 212 216 
1249| 151 107 
1250| 82 136 
1251| 107 118 
1252| 197 0 
1253| 162 199 
1254| 227 146 
1255| 169 189 
1256| 232 74 
1257| 189 213 
1258| 144 135 
1259| 222 217 
1260| 4 198 
1261| 128 167 
1262| 76 113 
1263| 15 32 
1264| 73 166 
1265| 140 155 
1266| 46 247 
1267| 18 244 
1268| 247 180 
1269| 187 218 
1270| 70 100 
1271| 152 46 
1272| 174 85 
1273| 3 62 
1274| 220 225 
1275| 23 224 
1276| 167 152 
1277| 136 243 
1278| 9 151 
1279| 20 83 
1280| 62 160 
1281| 238 108 
1282| 151 0 
1283| 96 142 
1284| 180 27 
1285| 104 251 
1286| 128 0 
1287| 41 46 
1288| 85 45 
1289| 109 50 
1290| 14 132 
1291| 18 182 
1292| 28 154 
1293| 169 38 
1294| 50 189 
1295| 121 112 
1296| 93 103 
1297| 220 244 
1298| 104 61 
1299| 130 28 
1300| 88 235 
1301| 23 216 
1302| 235 65 
1303| 7 65 
1304| 110 116 
1305| 115 124 
1306| 248 133 
1307| 50 21 
1308| 32 220 
1309| 59 82 
1310| 153 180 
1311| 194 247 
1312| 27 158 
1313| 235 131 
1314| 219 110 
1315| 160 52 
1316| 89 183 
1317| 12 68 
1318| 248 19 
1319| 133 102 
1320| 135 248 
1321| 227 128 
1322| 126 21 
1323| 149 158 
1324| 241 208 
1325| 240 139 
1326| 132 178 
1327| 130 159 
1328| 80 109 
1329| 35 44 
1330| 219 195 
1331| 96 52 
1332| 122 108 
1333| 121 115 
1334| 128 254 
1335| 217 7 
1336| 247 188 
1337| 135 117 
1338| 210 28 
1339| 19 195 
1340| 236 3 
1341| 78 112 
1342| 181 208 
1343| 16 5 
1344| 62 51 
1345| 49 25 
1346| 246 145 
1347| 78 112 
1348| 254 199 
1349| 227 126 
1350| 197 189 
1351| 133 188 
1352| 121 13 
1353| 49 75 
1354| 41 68 
1355| 15 22 
1356| 71 93 
1357| 134 252 
1358| 46 150 
1359| 2 108 
1360| 201 51 
1361| 133 191 
1362| 197 211 
1363| 48 195 
1364| 154 19 
1365| 65 96 
1366| 208 198 
1367| 28 74 
1368| 211 78 
1369| 149 253 
1370| 146 164 
1371| 19 218 
1372| 2 153 
1373| 214 48 
1374| 48 216 
1375| 156 249 
1376| 12 33 
1377| 185 209 
1378| 245 233 
1379| 148 143 
1380| 252 213 
1381| 239 205 
1382| 155 12 
1383| 23 111 
1384| 90 172 
1385| 108 236 
1386| 81 127 
1387| 198 83 
1388| 24 157 
1389| 131 72 
1390| 117 31 
1391| 66 129 
1392| 64 251 
1393| 82 53 
1394| 228 230 
1395| 197 224 
1396| 187 180 
1397| 173 87 
1398| 192 196 
1399| 198 26 
1400| 113 50 
1401| 7 194 
1402| 177 205 
1403| 21 201 
1404| 106 152 
1405| 18 224 
1406| 183 84 
1407| 97 247 
1408| 79 180 
1409| 45 51 
1410| 154 242 
1411| 19 86 
1412| 166 193 
1413| 173 103 
1414| 133 115 
1415| 129 246 
1416| 165 136 
1417| 184 86 
1418| 86 205 
1419| 31 192 
1420| 101 49 
1421| 160 28 
1422| 133 2 
1423| 20 212 
1424| 182 65 
1425| 7 80 
1426| 51 27 
1427| 166 217 
1428| 220 83 
1429| 64 97 
1430| 198 194 
1431| 88 107 
1432| 74 16 
1433| 193 160 
1434| 222 225 
1435| 97 67 
1436| 18 1 
1437| 96 152 
1438| 3 116 
1439| 108 185 
1440| 181 116 
1441| 10 232 
1442| 143 176 
1443| 193 107 
1444| 4 2 
1445| 204 202 
1446| 196 36 
1447| 54 14 
1448| 53 247 
1449| 175 19 
1450| 216 16 
1451| 86 235 
1452| 17 182 
1453| 131 21 
1454| 42 239 
1455| 206 223 
1456| 99 216 
1457| 199 242 
1458| 137 137 
1459| 93 141 
1460| 139 42 
1461| 87 79 
1462| 78 141 
1463| 93 131 
1464| 133 12 
1465| 150 93 
1466| 28 237 
1467| 72 46 
1468| 163 203 
1469| 67 206 
1470| 187 17 
1471| 173 30 
1472| 234 117 
1473| 17 115 
1474| 254 110 
1475| 0 137 
1476| 152 87 
1477| 216 231 
1478| 229 53 
1479| 106 106 
1480| 66 1 
1481| 199 94 
1482| 238 16 
1483| 140 145 
1484| 219 207 
1485| 95 150 
1486| 225 13 
1487| 181 203 
1488| 130 198 
1489| 62 128 
1490| 52 62 
1491| 9 205 
1492| 149 225 
1493| 180 122 
1494| 22 30 
1495| 228 88 
1496| 31 172 
1497| 183 13 
1498| 188 67 
1499| 159 151 
1500| 19 254 
1501| 46 244 
1502| 11 227 
1503| 191 141 
1504| 169 253 
1505| 13 221 
1506| 59 22 
1507| 170 208 
1508| 247 94 
1509| 75 14 
1510| 125 47 
1511| 102 156 
1512| 219 29 
1513| 170 151 
1514| 97 73 
1515| 47 116 
1516| 71 93 
1517| 104 83 
1518| 64 39 
1519| 224 233 
1520| 36 238 
1521| 198 95 
1522| 4 113 
1523| 47 252 
1524| 207 122 
1525| 10 76 
1526| 170 112 
1527| 233 133 
1528| 142 147 
1529| 29 239 
1530| 220 76 
1531| 99 35 
1532| 169 203 
1533| 118 233 
1534| 242 87 
1535| 210 22 
1536| 69 152 
1537| 117 73 
1538| 9 164 
1539| 69 217 
1540| 31 79 
1541| 37 201 
1542| 192 14 
1543| 78 78 
1544| 161 107 
1545| 61 125 
1546| 183 160 
1547| 161 96 
1548| 107 23 
1549| 73 93 
1550| 110 27 
1551| 115 179 
1552| 180 232 
1553| 253 189 
1554| 140 66 
1555| 150 171 
1556| 146 188 
1557| 116 82 
1558| 202 195 
1559| 160 108 
1560| 46 221 
1561| 233 230 
1562| 125 138 
1563| 70 232 
1564| 162 144 
1565| 69 16 
1566| 171 184 
1567| 196 95 
1568| 160 193 
1569| 29 44 
1570| 3 179 
1571| 216 149 
1572| 111 76 
1573| 231 58 
1574| 15 135 
1575| 166 62 
1576| 100 143 
1577| 36 225 
1578| 26 106 
1579| 201 188 
1580| 250 14 
1581| 204 166 
1582| 198 144 
1583| 5 102 
1584| 81 34 
1585| 147 85 
1586| 214 107 
1587| 234 69 
1588| 183 210 
1589| 127 199 
1590| 89 37 
1591| 5 190 
1592| 181 41 
1593| 159 207 
1594| 147 105 
1595| 139 142 
1596| 119 87 
1597| 52 62 
1598| 232 57 
1599| 164 57 
1600| 92 55 
1601| 142 50 
1602| 162 121 
1603| 119 90 
1604| 75 247 
1605| 33 164 
1606| 28 38 
1607| 98 209 
1608| 79 2 
1609| 160 226 
1610| 107 43 
1611| 112 226 
1612| 131 164 
1613| 32 107 
1614| 222 197 
1615| 164 58 
1616| 252 51 
1617| 108 159 
1618| 172 227 
1619| 249 247 
1620| 218 26 
1621| 155 247 
1622| 64 254 
1623| 200 143 
1624| 0 105 
1625| 113 107 
1626| 148 226 
1627| 77 23 
1628| 134 110 
1629| 130 100 
1630| 51 39 
1631| 158 47 
1632| 90 10 
1633| 206 6 
1634| 238 199 
1635| 253 200 
1636| 225 152 
1637| 191 33 
1638| 150 136 
1639| 176 150 
1640| 241 34 
1641| 1 133 
1642| 4 79 
1643| 157 138 
1644| 189 31 
1645| 239 240 
1646| 70 141 
1647| 31 160 
1648| 152 238 
1649| 166 134 
1650| 181 163 
1651| 78 151 
1652| 60 14 
1653| 184 210 
1654| 150 105 
1655| 105 135 
1656| 139 106 
1657| 12 143 
1658| 185 169 
1659| 25 118 
1660| 201 8 
1661| 102 15 
1662| 150 134 
1663| 176 46 
1664| 116 86 
1665| 180 41 
1666| 250 2 
1667| 192 54 
1668| 16 121 
1669| 8 166 
1670| 226 113 
1671| 45 109 
1672| 220 58 
1673| 252 149 
1674| 227 21 
1675| 12 172 
1676| 30 114 
1677| 188 180 
1678| 248 108 
1679| 226 108 
1680| 194 150 
1681| 150 188 
1682| 152 86 
1683| 242 169 
1684| 207 251 
1685| 79 177 
1686| 108 125 
1687| 30 72 
1688| 183 26 
1689| 222 154 
1690| 48 234 
1691| 71 78 
1692| 92 3 
1693| 2 85 
1694| 111 228 
1695| 193 49 
1696| 122 87 
1697| 238 18 
1698| 174 224 
1699| 187 125 
1700| 219 11 
1701| 47 72 
1702| 136 77 
1703| 144 63 
1704| 104 110 
1705| 217 152 
1706| 88 32 
1707| 230 181 
1708| 35 232 
1709| 10 146 
1710| 204 203 
1711| 196 70 
1712| 35 178 
1713| 88 209 
1714| 146 20 
1715| 78 110 
1716| 31 125 
1717| 182 167 
1718| 203 70 
1719| 230 51 
1720| 181 191 
1721| 203 13 
1722| 224 177 
1723| 194 3 
1724| 153 204 
1725| 150 101 
1726| 152 90 
1727| 171 187 
1728| 12 3 
1729| 140 158 
1730| 23 218 
1731| 12 54 
1732| 88 194 
1733| 221 35 
1734| 9 195 
1735| 86 190 
1736| 131 33 
1737| 203 99 
1738| 210 142 
1739| 102 107 
1740| 90 252 
1741| 208 242 
1742| 86 123 
1743| 173 98 
1744| 126 57 
1745| 1 150 
1746| 20 13 
1747| 204 108 
1748| 208 170 
1749| 143 217 
1750| 109 229 
1751| 151 240 
1752| 6 98 
1753| 83 216 
1754| 240 186 
1755| 67 75 
1756| 182 19 
1757| 61 13 
1758| 142 235 
1759| 111 12 
1760| 36 112 
1761| 162 56 
1762| 126 111 
1763| 164 78 
1764| 25 51 
1765| 39 134 
1766| 24 190 
1767| 119 30 
1768| 32 202 
1769| 246 17 
1770| 132 57 
1771| 92 59 
1772| 76 153 
1773| 72 218 
1774| 132 183 
1775| 231 169 
1776| 40 137 
1777| 225 166 
1778| 248 134 
1779| 244 17 
1780| 185 27 
1781| 152 210 
1782| 217 15 
1783| 240 249 
1784| 217 231 
1785| 10 94 
1786| 32 102 
1787| 153 109 
1788| 0 225 
1789| 71 132 
1790| 152 46 
1791| 45 192 
1792| 184 15 
1793| 102 176 
1794| 149 90 
1795| 194 78 
1796| 117 90 
1797| 32 78 
1798| 105 17 
1799| 72 66 
1800| 248 82 
1801| 160 24 
1802| 185 57 
1803| 133 185 
1804| 26 205 
1805| 61 179 
1806| 251 107 
1807| 115 179 
1808| 122 218 
1809| 100 15 
1810| 52 38 
1811| 93 170 
1812| 128 126 
1813| 248 233 
1814| 143 64 
1815| 43 135 
1816| 147 204 
1817| 159 76 
1818| 5 37 
1819| 5 32 
1820| 242 66 
1821| 211 237 
1822| 173 70 
1823| 161 39 
1824| 32 5 
1825| 54 85 
1826| 43 148 
1827| 255 171 
1828| 18 247 
1829| 148 161 
1830| 56 191 
1831| 40 203 
1832| 139 199 
1833| 23 145 
1834| 236 28 
1835| 177 222 
1836| 94 132 
1837| 204 12 
1838| 202 109 
1839| 51 235 
1840| 114 106 
1841| 64 157 
1842| 254 63 
1843| 72 16 
1844| 54 220 
1845| 177 110 
1846| 155 217 
1847| 57 39 
1848| 160 80 
1849| 184 141 
1850| 108 105 
1851| 107 203 
1852| 237 55 
1853| 215 183 
1854| 164 10 
1855| 162 22 
1856| 116 226 
1857| 179 114 
1858| 33 251 
1859| 130 88 
1860| 215 51 
1861| 198 115 
1862| 12 0 
1863| 154 173 
1864| 80 82 
1865| 58 189 
1866| 187 165 
1867| 136 168 
1868| 221 95 
1869| 95 129 
1870| 105 2 
1871| 152 222 
1872| 228 75 
1873| 80 6 
1874| 71 211 
1875| 94 30 
1876| 6 36 
1877| 145 19 
1878| 36 43 
1879| 192 117 
1880| 125 250 
1881| 50 56 
1882| 159 186 
1883| 224 124 
1884| 25 64 
1885| 254 130 
1886| 66 150 
1887| 96 38 
1888| 225 177 
1889| 44 40 
1890| 132 138 
1891| 71 138 
1892| 175 216 
1893| 157 211 
1894| 4 93 
1895| 72 129 
1896| 87 122 
1897| 186 247 
1898| 52 154 
1899| 115 77 
1900| 218 113 
1901| 208 28 
1902| 7 48 
1903| 67 233 
1904| 225 111 
1905| 17 101 
1906| 250 88 
1907| 240 169 
1908| 49 141 
1909| 124 53 
1910| 235 197 
1911| 182 66 
1912| 63 112 
1913| 57 116 
1914| 11 173 
1915| 193 229 
1916| 30 145 
1917| 2 38 
1918| 194 69 
1919| 15 163 
1920| 180 32 
1921| 9 174 
1922| 121 249 
1923| 87 170 
1924| 134 212 
1925| 223 113 
1926| 153 149 
1927| 180 216 
1928| 6 237 
1929| 76 17 
1930| 154 14 
1931| 246 185 
1932| 159 248 
1933| 223 97 
1934| 61 238 
1935| 5 242 
1936| 14 14 
1937| 160 135 
1938| 7 248 
1939| 49 141 
1940| 204 16 
1941| 255 101 
1942| 166 179 
1943| 61 172 
1944| 160 138 
1945| 189 59 
1946| 152 179 
1947| 244 55 
1948| 172 211 
1949| 153 233 
1950| 193 158 
1951| 219 207 
1952| 172 124 
1953| 87 179 
1954| 116 136 
1955| 64 64 
1956| 153 63 
1957| 165 63 
1958| 242 226 
1959| 235 147 
1960| 108 168 
1961| 206 4 
1962| 91 194 
1963| 60 7 
1964| 149 213 
1965| 241 86 
1966| 115 204 
1967| 37 31 
1968| 72 124 
1969| 210 188 
1970| 5 18 
1971| 252 158 
1972| 82 161 
1973| 221 68 
1974| 132 200 
1975| 215 240 
1976| 112 165 
1977| 245 203 
1978| 103 49 
1979| 211 252 
1980| 6 196 
1981| 82 121 
1982| 144 120 
1983| 152 217 
1984| 244 106 
1985| 149 249 
1986| 124 146 
1987| 151 206 
1988| 51 116 
1989| 19 183 
1990| 60 234 
1991| 168 172 
1992| 144 157 
1993| 120 247 
1994| 206 75 
1995| 244 212 
1996| 15 70 
1997| 77 159 
1998| 190 229 
1999| 120 179 
2000| 79 14 
2001| 172 203 
2002| 160 68 
2003| 154 211 
2004| 184 173 
2005| 139 245 
2006| 151 51 
2007| 161 39 
2008| 208 25 
2009| 31 158 
2010| 100 19 
2011| 114 115 
2012| 89 191 
2013| 19 24 
2014| 164 139 
2015| 203 243 
2016| 153 119 
2017| 190 57 
2018| 187 88 
2019| 13 116 
2020| 5 152 
2021| 105 157 
2022| 203 10 
2023| 196 155 
2024| 36 227 
2025| 57 136 
2026| 246 171 
2027| 252 80 
2028| 106 15 
2029| 104 14 
2030| 154 51 
2031| 1 52 
2032| 170 191 
2033| 109 102 
2034| 24 122 
2035| 218 29 
2036| 18 67 
2037| 186 221 
2038| 77 127 
2039| 120 113 
2040| 98 177 
2041| 250 89 
2042| 92 246 
2043| 169 198 
2044| 5 17 
2045| 212 159 
2046| 68 213 
2047| 211 238 
2048| 149 65 
2049| 84 173 
2050| 187 46 
2051| 202 206 
2052| 113 133 
2053| 171 191 
2054| 4 36 
2055| 48 102 
2056| 213 42 
2057| 191 50 
2058| 32 104 
2059| 248 37 
2060| 121 205 
2061| 197 189 
2062| 162 152 
2063| 172 55 
2064| 217 0 
2065| 228 149 
2066| 47 175 
2067| 99 160 
2068| 52 14 
2069| 95 56 
2070| 50 144 
2071| 158 8 
2072| 186 94 
2073| 58 219 
2074| 198 50 
2075| 0 64 
2076| 255 197 
2077| 253 162 
2078| 94 169 
2079| 217 55 
2080| 170 190 
2081| 204 217 
2082| 109 47 
2083| 121 161 
2084| 62 217 
2085| 217 112 
2086| 105 119 
2087| 120 35 
2088| 213 178 
2089| 254 156 
2090| 229 255 
2091| 220 228 
2092| 196 217 
2093| 134 34 
2094| 131 96 
2095| 90 45 
2096| 30 38 
2097| 6 139 
2098| 86 127 
2099| 44 148 
2100| 88 5 
2101| 4 193 
2102| 124 125 
2103| 229 82 
2104| 47 227 
2105| 238 20 
2106| 226 202 
2107| 249 167 
2108| 163 127 
2109| 201 38 
2110| 223 35 
2111| 83 253 
2112| 74 89 
2113| 136 160 
2114| 217 180 
2115| 52 49 
2116| 185 56 
2117| 243 54 
2118| 181 216 
2119| 136 229 
2120| 187 118 
2121| 249 158 
2122| 64 242 
2123| 69 227 
2124| 114 14 
2125| 10 81 
2126| 50 93 
2127| 79 124 
2128| 183 215 
2129| 28 144 
2130| 140 80 
2131| 193 69 
2132| 136 180 
2133| 123 62 
2134| 140 3 
2135| 35 72 
2136| 121 28 
2137| 230 185 
2138| 15 43 
2139| 157 129 
2140| 57 167 
2141| 210 107 
2142| 4 33 
2143| 231 187 
2144| 249 3 
2145| 75 133 
2146| 83 13 
2147| 202 220 
2148| 193 70 
2149| 26 78 
2150| 73 61 
2151| 150 195 
2152| 89 124 
2153| 124 104 
2154| 167 25 
2155| 233 224 
2156| 192 188 
2157| 76 197 
2158| 221 51 
2159| 128 214 
2160| 55 204 
2161| 91 138 
2162| 217 38 
2163| 102 154 
2164| 108 128 
2165| 232 181 
2166| 189 126 
2167| 120 23 
2168| 250 245 
2169| 127 161 
2170| 14 105 
2171| 130 207 
2172| 37 206 
2173| 148 2 
2174| 1 20 
2175| 217 56 
2176| 224 52 
2177| 195 185 
2178| 90 41 
2179| 84 198 
2180| 170 60 
2181| 124 103 
2182| 187 244 
2183| 126 181 
2184| 233 254 
2185| 87 248 
2186| 103 217 
2187| 199 140 
2188| 167 91 
2189| 142 168 
2190| 111 103 
2191| 225 80 
2192| 156 164 
2193| 9 246 
2194| 205 93 
2195| 189 119 
2196| 154 57 
2197| 223 85 
2198| 45 93 
2199| 10 23 
2200| 91 97 
2201| 15 194 
2202| 58 214 
2203| 78 225 
2204| 49 221 
2205| 138 160 
2206| 68 107 
2207| 240 224 
2208| 15 250 
2209| 215 220 
2210| 87 148 
2211| 84 241 
2212| 205 51 
2213| 70 250 
2214| 144 81 
2215| 17 236 
2216| 178 32 
2217| 174 237 
2218| 246 253 
2219| 206 39 
2220| 218 88 
2221| 200 30 
2222| 195 184 
2223| 255 210 
2224| 178 214 
2225| 175 10 
2226| 106 3 
2227| 251 55 
2228| 54 66 
2229| 49 198 
2230| 147 67 
2231| 178 69 
2232| 99 97 
2233| 50 90 
2234| 94 1 
2235| 129 56 
2236| 89 73 
2237| 86 29 
2238| 2 85 
2239| 239 180 
2240| 43 158 
2241| 190 149 
2242| 161 186 
2243| 204 215 
2244| 252 254 
2245| 158 143 
2246| 65 80 
2247| 212 164 
2248| 177 7 
2249| 254 15 
2250| 8 128 
2251| 71 97 
2252| 201 158 
2253| 126 203 
2254| 243 110 
2255| 128 31 
2256| 12 62 
2257| 180 174 
2258| 248 129 
2259| 133 244 
2260| 127 35 
2261| 131 192 
2262| 116 88 
2263| 100 37 
2264| 95 99 
2265| 53 103 
2266| 227 124 
2267| 200 172 
2268| 26 71 
2269| 120 14 
2270| 181 248 
2271| 45 193 
2272| 54 225 
2273| 111 47 
2274| 98 245 
2275| 35 225 
2276| 24 167 
2277| 161 140 
2278| 255 6 
2279| 178 94 
2280| 105 231 
2281| 197 76 
2282| 99 141 
2283| 248 126 
2284| 212 112 
2285| 140 137 
2286| 104 185 
2287| 75 159 
2288| 154 186 
2289| 206 253 
2290| 175 241 
2291| 222 200 
2292| 152 128 
2293| 84 151 
2294| 134 6 
2295| 245 239 
2296| 237 186 
2297| 59 81 
2298| 72 51 
2299| 207 28 
2300| 164 91 
2301| 166 12 
2302| 20 241 
2303| 171 174 
2304| 171 121 
2305| 171 91 
2306| 107 138 
2307| 35 3 
2308| 10 119 
2309| 155 144 
2310| 126 144 
2311| 127 107 
2312| 75 186 
2313| 188 147 
2314| 237 139 
2315| 175 145 
2316| 230 85 
2317| 158 250 
2318| 70 73 
2319| 169 242 
2320| 195 84 
2321| 77 46 
2322| 222 112 
2323| 49 232 
2324| 231 204 
2325| 120 101 
2326| 93 247 
2327| 209 168 
2328| 177 141 
2329| 59 159 
2330| 25 234 
2331| 48 255 
2332| 64 206 
2333| 250 134 
2334| 24 163 
2335| 120 219 
2336| 247 197 
2337| 9 214 
2338| 53 58 
2339| 190 29 
2340| 7 55 
2341| 130 100 
2342| 46 83 
2343| 12 224 
2344| 225 71 
2345| 127 250 
2346| 49 175 
2347| 249 113 
2348| 126 243 
2349| 248 150 
2350| 150 112 
2351| 113 142 
2352| 54 122 
2353| 100 107 
2354| 180 34 
2355| 136 187 
2356| 89 11 
2357| 31 136 
2358| 94 43 
2359| 104 63 
2360| 114 231 
2361| 57 164 
2362| 150 51 
2363| 21 20 
2364| 38 13 
2365| 170 189 
2366| 126 27 
2367| 75 180 
2368| 149 175 
2369| 31 74 
2370| 209 168 
2371| 5 43 
2372| 179 37 
2373| 179 17 
2374| 80 27 
2375| 81 195 
2376| 2 138 
2377| 103 152 
2378| 189 124 
2379| 173 228 
2380| 138 87 
2381| 161 8 
2382| 115 236 
2383| 188 8 
2384| 155 219 
2385| 82 108 
2386| 131 88 
2387| 151 54 
2388| 125 74 
2389| 72 205 
2390| 101 153 
2391| 144 103 
2392| 35 247 
2393| 0 225 
2394| 116 173 
2395| 197 254 
2396| 4 102 
2397| 6 119 
2398| 82 194 
2399| 128 237 
2400| 157 210 
2401| 89 33 
2402| 42 241 
2403| 87 167 
2404| 59 159 
2405| 117 161 
2406| 56 5 
2407| 8 92 
2408| 253 8 
2409| 61 113 
2410| 181 2 
2411| 111 186 
2412| 104 117 
2413| 49 186 
2414| 55 177 
2415| 167 212 
2416| 132 0 
2417| 245 174 
2418| 241 77 
2419| 86 45 
2420| 236 203 
2421| 206 37 
2422| 208 214 
2423| 129 205 
2424| 223 190 
2425| 62 148 
2426| 192 173 
2427| 78 40 
2428| 34 128 
2429| 226 89 
2430| 49 137 
2431| 46 181 
2432| 137 35 
2433| 100 123 
2434| 112 186 
2435| 168 93 
2436| 133 118 
2437| 130 85 
2438| 76 3 
2439| 35 43 
2440| 193 97 
2441| 192 129 
2442| 15 14 
2443| 169 49 
2444| 142 139 
2445| 139 192 
2446| 20 185 
2447| 117 157 
2448| 220 217 
2449| 24 77 
2450| 147 192 
2451| 170 24 
2452| 54 44 
2453| 110 131 
2454| 47 145 
2455| 174 240 
2456| 242 110 
2457| 113 1 
2458| 125 26 
2459| 51 11 
2460| 165 190 
2461| 203 185 
2462| 119 65 
2463| 86 83 
2464| 26 111 
2465| 160 174 
2466| 47 74 
2467| 198 102 
2468| 118 52 
2469| 233 165 
2470| 197 151 
2471| 149 184 
2472| 6 6 
2473| 185 131 
2474| 32 236 
2475| 142 197 
2476| 170 90 
2477| 126 33 
2478| 155 213 
2479| 117 181 
2480| 68 21 
2481| 99 115 
2482| 96 42 
2483| 217 214 
2484| 94 194 
2485| 124 36 
2486| 90 17 
2487| 220 96 
2488| 24 149 
2489| 227 56 
2490| 130 113 
2491| 254 44 
2492| 203 124 
2493| 78 102 
2494| 81 195 
2495| 28 149 
2496| 216 127 
2497| 9 56 
2498| 169 226 
2499| 15 8 
2500| 165 139 
2501| 44 255 
2502| 156 8 
2503| 95 180 
2504| 157 66 
2505| 237 31 
2506| 179 235 
2507| 76 127 
2508| 103 154 
2509| 229 185 
2510| 93 1 
2511| 78 53 
2512| 129 87 
2513| 110 42 
2514| 58 125 
2515| 50 223 
2516| 8 94 
2517| 222 164 
2518| 102 61 
2519| 89 4 
2520| 127 70 
2521| 35 50 
2522| 49 111 
2523| 177 152 
2524| 9 151 
2525| 81 102 
2526| 152 160 
2527| 156 25 
2528| 247 10 
2529| 68 49 
2530| 135 118 
2531| 16 143 
2532| 213 238 
2533| 51 59 
2534| 43 140 
2535| 63 170 
2536| 210 99 
2537| 221 3 
2538| 210 142 
2539| 156 220 
2540| 37 237 
2541| 66 190 
2542| 141 222 
2543| 215 133 
2544| 232 27 
2545| 182 111 
2546| 146 199 
2547| 254 103 
2548| 181 50 
2549| 162 225 
2550| 190 226 
2551| 139 145 
2552| 69 104 
2553| 148 23 
2554| 247 48 
2555| 243 28 
2556| 30 54 
2557| 218 171 
2558| 20 178 
2559| 48 253 
2560| 205 231 
2561| 108 95 
2562| 174 107 
2563| 198 99 
2564| 157 105 
2565| 68 91 
2566| 75 208 
2567| 236 144 
2568| 56 129 
2569| 167 47 
2570| 177 155 
2571| 76 207 
2572| 209 38 
2573| 123 229 
2574| 216 171 
2575| 226 166 
2576| 146 79 
2577| 5 64 
2578| 186 204 
2579| 164 87 
2580| 53 232 
2581| 178 128 
2582| 184 159 
2583| 16 241 
2584| 32 183 
2585| 32 209 
2586| 82 108 
2587| 161 35 
2588| 147 28 
2589| 9 107 
2590| 199 235 
2591| 17 90 
2592| 58 23 
2593| 154 244 
2594| 227 62 
2595| 75 24 
2596| 39 254 
2597| 152 223 
2598| 157 168 
2599| 208 189 
2600| 95 241 
2601| 142 178 
2602| 93 47 
2603| 213 240 
2604| 75 222 
2605| 92 19 
2606| 202 109 
2607| 109 4 
2608| 132 7 
2609| 249 103 
2610| 70 68 
2611| 127 109 
2612| 66 23 
2613| 76 223 
2614| 191 29 
2615| 156 31 
2616| 14 43 
2617| 209 107 
2618| 90 166 
2619| 92 166 
2620| 133 184 
2621| 185 79 
2622| 37 38 
2623| 83 170 
2624| 45 76 
2625| 17 115 
2626| 145 145 
2627| 224 211 
2628| 168 45 
2629| 179 104 
2630| 74 79 
2631| 135 88 
2632| 122 88 
2633| 195 213 
2634| 254 31 
2635| 123 131 
2636| 215 52 
2637| 210 253 
2638| 90 38 
2639| 167 135 
2640| 114 184 
2641| 251 3 
2642| 73 219 
2643| 215 242 
2644| 8 138 
2645| 90 82 
2646| 217 225 
2647| 170 84 
2648| 57 110 
2649| 41 55 
2650| 141 164 
2651| 187 101 
2652| 216 141 
2653| 98 50 
2654| 179 9 
2655| 185 38 
2656| 193 180 
2657| 41 11 
2658| 144 0 
2659| 253 152 
2660| 138 87 
2661| 235 100 
2662| 56 149 
2663| 184 113 
2664| 3 225 
2665| 168 145 
2666| 133 99 
2667| 246 93 
2668| 241 88 
2669| 143 164 
2670| 97 72 
2671| 202 34 
2672| 253 244 
2673| 45 141 
2674| 244 42 
2675| 37 127 
2676| 129 16 
2677| 227 185 
2678| 166 155 
2679| 42 169 
2680| 124 211 
2681| 58 1 
2682| 54 48 
2683| 94 39 
2684| 136 237 
2685| 204 233 
2686| 53 150 
2687| 12 50 
2688| 138 57 
2689| 191 127 
2690| 100 229 
2691| 254 229 
2692| 245 225 
2693| 159 155 
2694| 124 201 
2695| 69 248 
2696| 156 127 
2697| 249 211 
2698| 176 87 
2699| 250 56 
2700| 68 198 
2701| 34 121 
2702| 93 46 
2703| 172 231 
2704| 103 107 
2705| 102 203 
2706| 80 100 
2707| 177 70 
2708| 69 80 
2709| 225 193 
2710| 25 38 
2711| 185 182 
2712| 166 178 
2713| 137 86 
2714| 9 131 
2715| 142 77 
2716| 74 176 
2717| 199 167 
2718| 222 115 
2719| 142 70 
2720| 222 245 
2721| 17 47 
2722| 89 194 
2723| 117 159 
2724| 18 86 
2725| 96 44 
2726| 125 26 
2727| 226 35 
2728| 204 107 
2729| 121 214 
2730| 238 7 
2731| 35 56 
2732| 184 234 
2733| 223 150 
2734| 93 110 
2735| 220 60 
2736| 99 238 
2737| 107 188 
2738| 176 224 
2739| 91 195 
2740| 54 188 
2741| 239 179 
2742| 214 209 
2743| 214 162 
2744| 60 79 
2745| 120 42 
2746| 87 156 
2747| 99 15 
2748| 134 66 
2749| 165 228 
2750| 176 130 
2751| 32 19 
2752| 112 139 
2753| 208 32 
2754| 107 43 
2755| 227 161 
2756| 231 210 
2757| 85 189 
2758| 163 43 
2759| 96 223 
2760| 123 216 
2761| 10 210 
2762| 116 109 
2763| 225 251 
2764| 175 134 
2765| 223 96 
2766| 8 255 
2767| 115 120 
2768| 138 67 
2769| 153 245 
2770| 111 124 
2771| 150 86 
2772| 79 235 
2773| 20 242 
2774| 23 116 
2775| 210 146 
2776| 76 220 
2777| 100 193 
2778| 73 69 
2779| 188 248 
2780| 203 155 
2781| 88 212 
2782| 154 204 
2783| 76 36 
2784| 15 229 
2785| 25 126 
2786| 98 175 
2787| 213 177 
2788| 155 233 
2789| 163 178 
2790| 93 117 
2791| 68 169 
2792| 81 168 
2793| 106 154 
2794| 237 38 
2795| 147 184 
2796| 193 235 
2797| 140 91 
2798| 183 217 
2799| 127 199 
2800| 190 152 
2801| 69 32 
2802| 72 26 
2803| 209 227 
2804| 3 117 
2805| 149 96 
2806| 234 217 
2807| 10 60 
2808| 129 116 
2809| 214 110 
2810| 155 105 
2811| 38 92 
2812| 85 179 
2813| 184 12 
2814| 140 55 
2815| 211 74 
2816| 208 25 
2817| 107 24 
2818| 51 60 
2819| 251 55 
2820| 177 144 
2821| 151 156 
2822| 105 161 
2823| 216 234 
2824| 22 174 
2825| 88 177 
2826| 24 126 
2827| 13 109 
2828| 49 197 
2829| 121 189 
2830| 253 77 
2831| 8 205 
2832| 102 115 
2833| 229 153 
2834| 175 224 
2835| 208 97 
2836| 112 104 
2837| 253 217 
2838| 9 213 
2839| 195 31 
2840| 131 27 
2841| 208 155 
2842| 153 222 
2843| 8 203 
2844| 163 130 
2845| 136 160 
2846| 207 144 
2847| 109 53 
2848| 3 82 
2849| 206 179 
2850| 50 159 
2851| 20 162 
2852| 7 17 
2853| 123 16 
2854| 230 62 
2855| 48 105 
2856| 89 0 
2857| 5 243 
2858| 222 13 
2859| 190 130 
2860| 143 70 
2861| 34 94 
2862| 215 144 
2863| 147 218 
2864| 226 98 
2865| 141 21 
2866| 1 161 
2867| 183 8 
2868| 178 51 
2869| 24 152 
2870| 113 72 
2871| 2 203 
2872| 73 7 
2873| 190 39 
2874| 20 124 
2875| 169 164 
2876| 194 204 
2877| 2 153 
2878| 92 150 
2879| 116 62 
2880| 248 1 
2881| 83 249 
2882| 163 11 
2883| 1 85 
2884| 62 25 
2885| 238 175 
2886| 98 240 
2887| 122 171 
2888| 247 56 
2889| 210 11 
2890| 180 124 
2891| 175 119 
2892| 72 178 
2893| 16 164 
2894| 72 132 
2895| 226 64 
2896| 134 54 
2897| 57 41 
2898| 65 58 
2899| 126 127 
2900| 83 108 
2901| 46 181 
2902| 92 169 
2903| 96 83 
2904| 225 51 
2905| 95 150 
2906| 175 14 
2907| 13 247 
2908| 192 29 
2909| 155 8 
2910| 162 125 
2911| 72 40 
2912| 179 129 
2913| 81 244 
2914| 187 207 
2915| 115 15 
2916| 60 162 
2917| 196 152 
2918| 75 37 
2919| 236 44 
2920| 88 75 
2921| 194 7 
2922| 89 207 
2923| 254 26 
2924| 237 153 
2925| 34 143 
2926| 22 107 
2927| 183 202 
2928| 236 8 
2929| 190 168 
2930| 215 50 
2931| 183 19 
2932| 212 123 
2933| 172 31 
2934| 160 152 
2935| 75 248 
2936| 227 14 
2937| 255 60 
2938| 221 253 
2939| 86 202 
2940| 150 121 
2941| 89 173 
2942| 228 16 
2943| 119 208 
2944| 24 53 
2945| 120 240 
2946| 103 47 
2947| 3 59 
2948| 171 175 
2949| 90 75 
2950| 71 166 
2951| 68 42 
2952| 180 67 
2953| 103 145 
2954| 65 189 
2955| 92 215 
2956| 54 181 
2957| 132 26 
2958| 198 251 
2959| 235 222 
2960| 49 99 
2961| 206 152 
2962| 147 210 
2963| 212 62 
2964| 129 46 
2965| 137 201 
2966| 212 205 
2967| 243 136 
2968| 17 90 
2969| 26 82 
2970| 24 118 
2971| 41 78 
2972| 43 174 
2973| 105 241 
2974| 169 84 
2975| 208 218 
2976| 183 158 
2977| 115 74 
2978| 112 71 
2979| 136 242 
2980| 117 18 
2981| 187 74 
2982| 223 174 
2983| 210 240 
2984| 9 236 
2985| 66 33 
2986| 98 108 
2987| 111 142 
2988| 26 216 
2989| 127 195 
2990| 44 79 
2991| 158 228 
2992| 238 17 
2993| 46 94 
2994| 88 183 
2995| 80 205 
2996| 201 11 
2997| 23 168 
2998| 186 234 
2999| 153 195 
3000| 214 219 
3001| 228 57 
3002| 71 83 
3003| 199 97 
3004| 44 70 
3005| 37 88 
3006| 150 195 
3007| 60 132 
3008| 212 107 
3009| 226 44 
3010| 34 51 
3011| 249 235 
3012| 62 17 
3013| 147 248 
3014| 251 44 
3015| 187 209 
3016| 8 159 
3017| 10 79 
3018| 243 209 
3019| 177 31 
3020| 24 214 
3021| 119 174 
3022| 153 180 
3023| 50 109 
3024| 31 20 
3025| 153 65 
3026| 71 146 
3027| 44 134 
3028| 163 191 
3029| 126 158 
3030| 236 58 
3031| 112 244 
3032| 217 122 
3033| 67 204 
3034| 76 244 
3035| 235 100 
3036| 202 99 
3037| 18 99 
3038| 23 68 
3039| 208 54 
3040| 88 105 
3041| 119 160 
3042| 252 163 
3043| 38 159 
3044| 98 164 
3045| 62 78 
3046| 222 174 
3047| 66 184 
3048| 40 134 
3049| 132 116 
3050| 122 112 
3051| 216 69 
3052| 211 234 
3053| 168 234 
3054| 46 121 
3055| 32 135 
3056| 226 151 
3057| 39 222 
3058| 58 77 
3059| 126 156 
3060| 241 188 
3061| 235 208 
3062| 106 45 
3063| 136 146 
3064| 179 12 
3065| 7 46 
3066| 124 223 
3067| 115 79 
3068| 202 27 
3069| 57 248 
3070| 148 89 
3071| 127 119 
3072| 240 166 
3073| 85 42 
3074| 243 211 
3075| 199 229 
3076| 143 178 
3077| 181 249 
3078| 223 61 
3079| 140 147 
3080| 73 147 
3081| 193 198 
3082| 114 52 
3083| 21 60 
3084| 79 79 
3085| 53 228 
3086| 168 180 
3087| 91 153 
3088| 91 176 
3089| 195 78 
3090| 132 138 
3091| 51 19 
3092| 60 232 
3093| 13 28 
3094| 37 153 
3095| 175 111 
3096| 44 112 
3097| 53 158 
3098| 164 74 
3099| 219 243 
3100| 153 16 
3101| 215 66 
3102| 196 50 
3103| 219 31 
3104| 227 158 
3105| 110 103 
3106| 41 161 
3107| 122 101 
3108| 138 135 
3109| 129 175 
3110| 32 48 
3111| 30 76 
3112| 160 83 
3113| 235 68 
3114| 158 198 
3115| 56 55 
3116| 214 15 
3117| 121 154 
3118| 66 84 
3119| 186 37 
3120| 243 40 
3121| 140 28 
3122| 201 6 
3123| 129 83 
3124| 142 3 
3125| 3 174 
3126| 51 33 
3127| 251 212 
3128| 117 230 
3129| 24 19 
3130| 172 80 
3131| 74 130 
3132| 96 196 
3133| 28 162 
3134| 24 214 
3135| 199 11 
3136| 254 83 
3137| 39 200 
3138| 89 169 
3139| 27 231 
3140| 172 30 
3141| 150 223 
3142| 64 145 
3143| 179 181 
3144| 119 204 
3145| 200 35 
3146| 28 18 
3147| 165 124 
3148| 214 193 
3149| 30 239 
3150| 152 229 
3151| 250 150 
3152| 56 34 
3153| 94 146 
3154| 203 122 
3155| 121 119 
3156| 152 15 
3157| 86 216 
3158| 160 10 
3159| 141 23 
3160| 214 85 
3161| 58 242 
3162| 104 223 
3163| 111 62 
3164| 161 141 
3165| 45 57 
3166| 115 40 
3167| 207 171 
3168| 74 46 
3169| 61 21 
3170| 168 183 
3171| 140 64 
3172| 198 226 
3173| 25 103 
3174| 236 166 
3175| 126 194 
3176| 252 185 
3177| 181 100 
3178| 152 36 
3179| 162 57 
3180| 177 208 
3181| 114 36 
3182| 248 66 
3183| 208 66 
3184| 112 13 
3185| 87 24 
3186| 196 227 
3187| 88 139 
3188| 197 113 
3189| 242 178 
3190| 24 112 
3191| 116 20 
3192| 41 41 
3193| 120 194 
3194| 77 26 
3195| 251 255 
3196| 234 110 
3197| 35 226 
3198| 176 243 
3199| 36 32 
3200| 1 123 
3201| 56 197 
3202| 94 144 
3203| 80 36 
3204| 2 66 
3205| 214 26 
3206| 179 74 
3207| 46 220 
3208| 116 166 
3209| 158 193 
3210| 192 154 
3211| 192 171 
3212| 8 228 
3213| 141 184 
3214| 215 178 
3215| 216 216 
3216| 45 16 
3217| 158 140 
3218| 160 238 
3219| 176 162 
3220| 49 134 
3221| 188 228 
3222| 208 234 
3223| 192 68 
3224| 144 95 
3225| 6 81 
3226| 249 198 
3227| 252 1 
3228| 170 137 
3229| 185 130 
3230| 59 145 
3231| 90 105 
3232| 161 248 
3233| 245 65 
3234| 231 165 
3235| 228 24 
3236| 43 160 
3237| 252 251 
3238| 139 188 
3239| 64 27 
3240| 27 70 
3241| 108 20 
3242| 12 104 
3243| 21 183 
3244| 242 206 
3245| 57 45 
3246| 95 147 
3247| 150 0 
3248| 140 139 
3249| 66 115 
3250| 48 38 
3251| 139 91 
3252| 198 135 
3253| 87 81 
3254| 67 151 
3255| 109 95 
3256| 221 217 
3257| 115 233 
3258| 66 137 
3259| 160 52 
3260| 87 217 
3261| 97 183 
3262| 109 248 
3263| 183 249 
3264| 131 249 
3265| 108 180 
3266| 31 247 
3267| 15 230 
3268| 126 102 
3269| 55 193 
3270| 253 164 
3271| 32 218 
3272| 126 148 
3273| 196 192 
3274| 29 100 
3275| 244 116 
3276| 62 85 
3277| 43 171 
3278| 77 227 
3279| 164 209 
3280| 220 16 
3281| 133 252 
3282| 7 148 
3283| 226 133 
3284| 251 25 
3285| 70 248 
3286| 190 103 
3287| 211 60 
3288| 251 151 
3289| 252 24 
3290| 251 240 
3291| 140 57 
3292| 69 184 
3293| 228 147 
3294| 155 136 
3295| 100 119 
3296| 152 233 
3297| 115 159 
3298| 125 85 
3299| 36 120 
3300| 111 107 
3301| 113 45 
3302| 210 68 
3303| 105 205 
3304| 219 101 
3305| 229 214 
3306| 85 113 
3307| 16 154 
3308| 41 244 
3309| 45 196 
3310| 125 145 
3311| 60 21 
3312| 122 175 
3313| 181 248 
3314| 5 217 
3315| 112 116 
3316| 68 225 
3317| 161 22 
3318| 37 10 
3319| 227 0 
3320| 111 200 
3321| 215 196 
3322| 58 231 
3323| 94 99 
3324| 219 140 
3325| 40 88 
3326| 29 100 
3327| 110 152 
3328| 19 35 
3329| 144 24 
3330| 252 0 
3331| 140 65 
3332| 226 45 
3333| 87 7 
3334| 55 59 
3335| 8 166 
3336| 3 223 
3337| 106 61 
3338| 198 201 
3339| 161 161 
3340| 85 201 
3341| 250 114 
3342| 45 104 
3343| 10 64 
3344| 139 154 
3345| 89 135 
3346| 155 229 
3347| 200 125 
3348| 19 32 
3349| 132 74 
3350| 91 140 
3351| 241 94 
3352| 107 91 
3353| 156 49 
3354| 36 61 
3355| 211 121 
3356| 6 205 
3357| 236 51 
3358| 53 246 
3359| 115 192 
3360| 145 204 
3361| 71 44 
3362| 178 16 
3363| 169 197 
3364| 48 45 
3365| 15 139 
3366| 186 0 
3367| 233 37 
3368| 92 133 
3369| 87 128 
3370| 194 42 
3371| 250 200 
3372| 247 230 
3373| 251 44 
3374| 220 111 
3375| 236 109 
3376| 59 51 
3377| 153 237 
3378| 67 66 
3379| 178 115 
3380| 112 194 
3381| 254 42 
3382| 194 232 
3383| 79 30 
3384| 109 166 
3385| 159 48 
3386| 208 153 
3387| 248 199 
3388| 127 244 
3389| 243 91 
3390| 99 223 
3391| 201 158 
3392| 19 98 
3393| 140 86 
3394| 165 62 
3395| 202 21 
3396| 0 200 
3397| 63 195 
3398| 176 142 
3399| 225 30 
3400| 53 128 
3401| 78 5 
3402| 25 70 
3403| 205 152 
3404| 58 192 
3405| 244 157 
3406| 160 189 
3407| 60 179 
3408| 31 200 
3409| 9 196 
3410| 6 211 
3411| 217 7 
3412| 156 24 
3413| 202 76 
3414| 167 171 
3415| 106 220 
3416| 44 184 
3417| 225 69 
3418| 255 174 
3419| 222 57 
3420| 111 210 
3421| 215 15 
3422| 143 19 
3423| 194 174 
3424| 219 203 
3425| 115 225 
3426| 159 76 
3427| 232 59 
3428| 101 178 
3429| 135 12 
3430| 94 242 
3431| 232 138 
3432| 170 201 
3433| 207 169 
3434| 120 173 
3435| 227 231 
3436| 127 186 
3437| 246 14 
3438| 205 184 
3439| 189 168 
3440| 131 48 
3441| 137 34 
3442| 124 114 
3443| 93 225 
3444| 36 229 
3445| 237 130 
3446| 215 213 
3447| 12 129 
3448| 159 220 
3449| 43 23 
3450| 137 14 
3451| 254 9 
3452| 200 244 
3453| 23 149 
3454| 172 212 
3455| 61 47 
3456| 4 198 
3457| 82 129 
3458| 56 175 
3459| 98 93 
3460| 148 80 
3461| 223 107 
3462| 37 236 
3463| 237 196 
3464| 200 24 
3465| 219 81 
3466| 38 217 
3467| 90 238 
3468| 205 114 
3469| 131 121 
3470| 70 192 
3471| 169 75 
3472| 134 251 
3473| 204 191 
3474| 170 46 
3475| 28 63 
3476| 126 251 
3477| 170 164 
3478| 231 151 
3479| 104 175 
3480| 175 68 
3481| 1 213 
3482| 29 91 
3483| 195 235 
3484| 205 70 
3485| 100 20 
3486| 6 13 
3487| 95 141 
3488| 8 43 
3489| 76 179 
3490| 89 104 
3491| 242 216 
3492| 99 156 
3493| 124 75 
3494| 52 228 
3495| 250 227 
3496| 40 251 
3497| 185 70 
3498| 87 124 
3499| 49 36 
3500| 195 149 
3501| 56 201 
3502| 163 151 
3503| 86 171 
3504| 194 162 
3505| 94 28 
3506| 10 80 
3507| 244 110 
3508| 237 112 
3509| 185 33 
3510| 84 179 
3511| 4 125 
3512| 175 189 
3513| 195 6 
3514| 58 244 
3515| 42 253 
3516| 137 99 
3517| 198 44 
3518| 250 29 
3519| 216 189 
3520| 191 54 
3521| 217 202 
3522| 135 205 
3523| 56 116 
3524| 61 241 
3525| 149 145 
3526| 164 153 
3527| 14 83 
3528| 87 209 
3529| 89 145 
3530| 197 132 
3531| 142 79 
3532| 231 84 
3533| 123 225 
3534| 113 83 
3535| 158 49 
3536| 138 119 
3537| 251 17 
3538| 68 51 
3539| 133 129 
3540| 36 26 
3541| 19 200 
3542| 179 33 
3543| 28 10 
3544| 243 117 
3545| 155 184 
3546| 249 41 
3547| 7 224 
3548| 126 131 
3549| 194 239 
3550| 214 96 
3551| 32 96 
3552| 216 27 
3553| 113 28 
3554| 78 246 
3555| 158 114 
3556| 16 177 
3557| 59 196 
3558| 210 87 
3559| 206 197 
3560| 204 106 
3561| 126 198 
3562| 147 133 
3563| 166 17 
3564| 8 104 
3565| 1 223 
3566| 201 33 
3567| 63 161 
3568| 61 177 
3569| 189 139 
3570| 167 91 
3571| 254 184 
3572| 12 57 
3573| 124 223 
3574| 144 74 
3575| 164 92 
3576| 180 34 
3577| 34 72 
3578| 168 201 
3579| 89 176 
3580| 49 90 
3581| 143 250 
3582| 124 207 
3583| 155 185 
3584| 128 89 
3585| 68 39 
3586| 180 66 
3587| 223 193 
3588| 123 91 
3589| 160 11 
3590| 166 68 
3591| 104 90 
3592| 103 138 
3593| 162 15 
3594| 83 252 
3595| 191 133 
3596| 86 79 
3597| 127 210 
3598| 30 27 
3599| 139 158 
3600| 116 208 
3601| 197 40 
3602| 18 165 
3603| 233 142 
3604| 0 137 
3605| 153 166 
3606| 206 1 
3607| 1 53 
3608| 140 163 
3609| 68 223 
3610| 159 3 
3611| 100 246 
3612| 82 228 
3613| 200 112 
3614| 255 84 
3615| 14 115 
3616| 36 212 
3617| 155 54 
3618| 121 133 
3619| 196 121 
3620| 14 94 
3621| 32 220 
3622| 95 33 
3623| 17 235 
3624| 196 85 
3625| 203 100 
3626| 89 47 
3627| 90 171 
3628| 19 34 
3629| 28 18 
3630| 118 42 
3631| 133 154 
3632| 254 33 
3633| 209 119 
3634| 166 149 
3635| 241 180 
3636| 243 17 
3637| 145 83 
3638| 50 162 
3639| 62 246 
3640| 248 9 
3641| 90 81 
3642| 57 180 
3643| 252 76 
3644| 215 24 
3645| 95 77 
3646| 67 228 
3647| 232 65 
3648| 5 185 
3649| 185 171 
3650| 78 170 
3651| 96 66 
3652| 187 241 
3653| 149 237 
3654| 147 211 
3655| 227 139 
3656| 221 62 
3657| 220 22 
3658| 242 217 
3659| 98 201 
3660| 241 193 
3661| 23 52 
3662| 166 255 
3663| 118 171 
3664| 184 47 
3665| 87 6 
3666| 217 183 
3667| 72 148 
3668| 168 221 
3669| 129 59 
3670| 177 100 
3671| 199 142 
3672| 162 163 
3673| 164 149 
3674| 124 6 
3675| 94 110 
3676| 200 117 
3677| 162 110 
3678| 116 24 
3679| 25 44 
3680| 71 112 
3681| 51 32 
3682| 39 123 
3683| 180 207 
3684| 89 53 
3685| 11 10 
3686| 154 210 
3687| 152 60 
3688| 117 60 
3689| 209 242 
3690| 66 48 
3691| 96 10 
3692| 165 2 
3693| 120 26 
3694| 27 146 
3695| 70 98 
3696| 2 121 
3697| 131 42 
3698| 245 55 
3699| 249 78 
3700| 109 4 
3701| 88 7 
3702| 214 240 
3703| 67 76 
3704| 44 21 
3705| 62 110 
3706| 69 158 
3707| 121 234 
3708| 160 241 
3709| 4 187 
3710| 131 75 
3711| 30 134 
3712| 196 161 
3713| 176 185 
3714| 216 169 
3715| 7 69 
3716| 174 95 
3717| 76 132 
3718| 79 144 
3719| 208 123 
3720| 165 14 
3721| 234 234 
3722| 172 99 
3723| 212 77 
3724| 84 217 
3725| 8 216 
3726| 36 38 
3727| 94 232 
3728| 199 14 
3729| 162 160 
3730| 183 169 
3731| 229 101 
3732| 9 50 
3733| 234 88 
3734| 194 186 
3735| 212 103 
3736| 201 190 
3737| 81 117 
3738| 33 37 
3739| 194 117 
3740| 254 203 
3741| 77 34 
3742| 241 171 
3743| 11 185 
3744| 185 173 
3745| 89 113 
3746| 86 62 
3747| 214 95 
3748| 112 192 
3749| 184 50 
3750| 123 140 
3751| 153 68 
3752| 74 234 
3753| 185 107 
3754| 16 124 
3755| 224 14 
3756| 71 46 
3757| 49 56 
3758| 217 60 
3759| 241 147 
3760| 233 74 
3761| 4 63 
3762| 137 218 
3763| 159 249 
3764| 155 87 
3765| 44 22 
3766| 227 197 
3767| 90 45 
3768| 176 19 
3769| 152 192 
3770| 143 120 
3771| 206 214 
3772| 166 255 
3773| 15 128 
3774| 59 0 
3775| 19 36 
3776| 75 23 
3777| 100 212 
3778| 241 3 
3779| 205 140 
3780| 90 249 
3781| 162 61 
3782| 191 252 
3783| 106 111 
3784| 16 2 
3785| 47 159 
3786| 122 253 
3787| 118 33 
3788| 253 133 
3789| 161 56 
3790| 133 180 
3791| 93 208 
3792| 203 193 
3793| 164 188 
3794| 196 114 
3795| 73 30 
3796| 107 235 
3797| 91 42 
3798| 232 197 
3799| 153 248 
3800| 199 200 
3801| 151 65 
3802| 198 13 
3803| 98 195 
3804| 146 3 
3805| 251 24 
3806| 183 88 
3807| 232 130 
3808| 25 141 
3809| 63 221 
3810| 255 136 
3811| 251 106 
3812| 115 86 
3813| 149 91 
3814| 27 46 
3815| 83 226 
3816| 247 235 
3817| 36 189 
3818| 248 134 
3819| 128 139 
3820| 138 123 
3821| 163 65 
3822| 212 139 
3823| 196 237 
3824| 24 3 
3825| 203 23 
3826| 139 198 
3827| 130 254 
3828| 29 23 
3829| 90 56 
3830| 69 173 
3831| 27 60 
3832| 152 63 
3833| 249 145 
3834| 197 121 
3835| 28 79 
3836| 245 191 
3837| 145 201 
3838| 74 85 
3839| 182 99 
3840| 88 129 
3841| 122 227 
3842| 72 252 
3843| 225 101 
3844| 19 59 
3845| 157 89 
3846| 233 184 
3847| 149 129 
3848| 247 143 
3849| 18 189 
3850| 8 46 
3851| 12 253 
3852| 237 157 
3853| 198 56 
3854| 242 125 
3855| 155 74 
3856| 254 21 
3857| 45 70 
3858| 18 15 
3859| 171 37 
3860| 74 73 
3861| 126 51 
3862| 1 20 
3863| 181 249 
3864| 163 199 
3865| 182 171 
3866| 246 194 
3867| 169 227 
3868| 96 111 
3869| 27 82 
3870| 236 182 
3871| 157 235 
3872| 204 202 
3873| 49 222 
3874| 217 221 
3875| 3 36 
3876| 38 130 
3877| 87 39 
3878| 150 12 
3879| 32 57 
3880| 212 214 
3881| 228 202 
3882| 153 141 
3883| 173 249 
3884| 253 201 
3885| 75 233 
3886| 127 232 
3887| 212 75 
3888| 179 6 
3889| 41 140 
3890| 227 45 
3891| 176 9 
3892| 175 8 
3893| 48 69 
3894| 20 81 
3895| 126 232 
3896| 39 98 
3897| 178 192 
3898| 240 96 
3899| 185 237 
3900| 41 5 
3901| 214 168 
3902| 237 171 
3903| 244 160 
3904| 177 29 
3905| 45 148 
3906| 74 221 
3907| 157 249 
3908| 229 205 
3909| 62 250 
3910| 30 188 
3911| 226 70 
3912| 31 149 
3913| 6 15 
3914| 245 192 
3915| 252 30 
3916| 197 210 
3917| 198 178 
3918| 125 186 
3919| 83 46 
3920| 216 128 
3921| 194 34 
3922| 93 95 
3923| 28 67 
3924| 45 90 
3925| 61 75 
3926| 23 31 
3927| 145 54 
3928| 180 152 
3929| 69 169 
3930| 88 65 
3931| 199 29 
3932| 19 142 
3933| 207 145 
3934| 72 34 
3935| 191 32 
3936| 162 130 
3937| 67 0 
3938| 225 95 
3939| 67 14 
3940| 185 128 
3941| 90 208 
3942| 159 235 
3943| 6 84 
3944| 131 75 
3945| 253 219 
3946| 140 197 
3947| 248 160 
3948| 83 200 
3949| 49 155 
3950| 234 240 
3951| 188 141 
3952| 114 255 
3953| 141 84 
3954| 94 208 
3955| 98 23 
3956| 80 188 
3957| 232 239 
3958| 168 238 
3959| 67 43 
3960| 58 65 
3961| 7 198 
3962| 6 255 
3963| 102 89 
3964| 199 151 
3965| 244 178 
3966| 136 176 
3967| 63 250 
3968| 175 204 
3969| 78 13 
3970| 156 177 
3971| 37 236 
3972| 109 13 
3973| 219 21 
3974| 251 31 
3975| 65 53 
3976| 96 72 
3977| 252 102 
3978| 71 98 
3979| 191 15 
3980| 250 179 
3981| 193 130 
3982| 100 0 
3983| 124 19 
3984| 204 203 
3985| 33 104 
3986| 124 70 
3987| 84 233 
3988| 83 47 
3989| 255 78 
3990| 78 64 
3991| 132 174 
3992| 136 128 
3993| 20 207 
3994| 226 211 
3995| 222 220 
3996| 135 159 
3997| 94 235 
3998| 159 219 
3999| 254 107 
4000| 166 31 
4001| 211 34 
4002| 101 39 
4003| 11 184 
4004| 87 10 
4005| 7 165 
4006| 74 139 
4007| 84 210 
4008| 11 104 
4009| 162 237 
4010| 60 128 
4011| 202 195 
4012| 32 40 
4013| 174 191 
4014| 3 172 
4015| 43 169 
4016| 204 254 
4017| 203 49 
4018| 38 215 
4019| 234 125 
4020| 225 241 
4021| 34 44 
4022| 124 118 
4023| 254 135 
4024| 223 160 
4025| 116 27 
4026| 33 62 
4027| 222 65 
4028| 103 140 
4029| 0 106 
4030| 56 43 
4031| 20 4 
4032| 42 223 
4033| 54 80 
4034| 182 32 
4035| 205 152 
4036| 17 239 
4037| 196 141 
4038| 102 194 
4039| 20 69 
4040| 99 136 
4041| 96 132 
4042| 199 62 
4043| 197 46 
4044| 202 197 
4045| 152 2 
4046| 241 172 
4047| 7 27 
4048| 140 61 
4049| 107 66 
4050| 93 56 
4051| 218 110 
4052| 39 158 
4053| 251 141 
4054| 97 15 
4055| 210 196 
4056| 151 50 
4057| 72 94 
4058| 112 13 
4059| 140 58 
4060| 210 37 
4061| 61 195 
4062| 209 68 
4063| 222 93 
4064| 129 73 
4065| 160 222 
4066| 129 122 
4067| 76 169 
4068| 25 71 
4069| 54 122 
4070| 86 9 
4071| 62 237 
4072| 59 134 
4073| 76 172 
4074| 147 216 
4075| 230 101 
4076| 253 35 
4077| 41 207 
4078| 103 7 
4079| 44 232 
4080| 81 204 
4081| 198 210 
4082| 71 18 
4083| 123 96 
4084| 89 178 
4085| 218 175 
4086| 187 24 
4087| 157 246 
4088| 158 233 
4089| 162 49 
4090| 193 137 
4091| 150 191 
4092| 172 191 
4093| 142 20 
4094| 199 186 
4095| 252 24 
4096| 135 195 
4097| 234 206 
4098| 213 102 
4099| 46 47 
4100| 24 8 
4101| 222 211 
4102| 32 123 
4103| 201 190 
4104| 100 108 
4105| 239 38 
4106| 245 133 
4107| 229 161 
4108| 69 115 
4109| 181 12 
4110| 45 178 
4111| 36 180 
4112| 117 14 
4113| 130 74 
4114| 116 176 
4115| 121 140 
4116| 184 88 
4117| 95 216 
4118| 211 41 
4119| 150 56 
4120| 149 133 
4121| 94 138 
4122| 11 67 
4123| 43 80 
4124| 182 225 
4125| 92 227 
4126| 147 128 
4127| 152 8 
4128| 142 26 
4129| 82 3 
4130| 203 204 
4131| 143 131 
4132| 36 239 
4133| 92 247 
4134| 24 242 
4135| 47 173 
4136| 120 141 
4137| 55 131 
4138| 208 98 
4139| 211 134 
4140| 67 47 
4141| 106 214 
4142| 175 2 
4143| 222 61 
4144| 28 49 
4145| 64 231 
4146| 253 208 
4147| 107 33 
4148| 191 199 
4149| 24 215 
4150| 185 72 
4151| 132 49 
4152| 213 187 
4153| 180 166 
4154| 29 135 
4155| 44 97 
4156| 182 150 
4157| 55 101 
4158| 152 22 
4159| 163 181 
4160| 71 227 
4161| 156 68 
4162| 179 7 
4163| 101 114 
4164| 206 125 
4165| 73 136 
4166| 197 205 
4167| 185 155 
4168| 136 110 
4169| 65 166 
4170| 245 109 
4171| 7 172 
4172| 4 62 
4173| 17 156 
4174| 84 180 
4175| 81 155 
4176| 152 238 
4177| 223 75 
4178| 245 68 
4179| 190 196 
4180| 194 7 
4181| 76 135 
4182| 213 5 
4183| 34 93 
4184| 115 99 
4185| 3 105 
4186| 209 10 
4187| 21 213 
4188| 73 38 
4189| 113 157 
4190| 219 195 
4191| 57 115 
4192| 177 24 
4193| 190 166 
4194| 93 124 
4195| 106 31 
4196| 132 182 
4197| 166 89 
4198| 188 201 
4199| 182 47 
4200| 44 186 
4201| 152 253 
4202| 196 173 
4203| 210 13 
4204| 212 68 
4205| 171 175 
4206| 7 228 
4207| 34 184 
4208| 252 224 
4209| 94 89 
4210| 93 201 
4211| 120 225 
4212| 127 31 
4213| 58 59 
4214| 232 240 
4215| 107 20 
4216| 170 3 
4217| 18 111 
4218| 177 228 
4219| 124 133 
4220| 40 39 
4221| 52 47 
4222| 11 86 
4223| 231 8 
4224| 54 70 
4225| 97 147 
4226| 15 218 
4227| 116 142 
4228| 249 174 
4229| 202 225 
4230| 159 53 
4231| 245 73 
4232| 56 7 
4233| 184 233 
4234| 236 53 
4235| 110 20 
4236| 92 162 
4237| 68 104 
4238| 248 43 
4239| 112 47 
4240| 113 209 
4241| 194 128 
4242| 171 55 
4243| 15 164 
4244| 229 217 
4245| 133 132 
4246| 14 123 
4247| 206 70 
4248| 130 134 
4249| 48 110 
4250| 187 158 
4251| 131 24 
4252| 65 199 
4253| 128 57 
4254| 242 240 
4255| 104 100 
4256| 193 43 
4257| 228 109 
4258| 98 243 
4259| 17 71 
4260| 204 151 
4261| 204 218 
4262| 18 154 
4263| 33 148 
4264| 32 81 
4265| 3 220 
4266| 239 134 
4267| 244 48 
4268| 77 116 
4269| 106 63 
4270| 100 210 
4271| 163 37 
4272| 253 136 
4273| 146 95 
4274| 123 164 
4275| 167 72 
4276| 59 115 
4277| 34 77 
4278| 13 67 
4279| 225 45 
4280| 148 228 
4281| 9 132 
4282| 106 253 
4283| 180 183 
4284| 113 30 
4285| 247 213 
4286| 241 154 
4287| 251 238 
4288| 34 141 
4289| 78 158 
4290| 49 245 
4291| 230 108 
4292| 104 8 
4293| 185 117 
4294| 76 155 
4295| 162 224 
4296| 127 172 
4297| 100 234 
4298| 169 25 
4299| 161 27 
4300| 55 152 
4301| 240 40 
4302| 51 235 
4303| 23 85 
4304| 121 101 
4305| 243 170 
4306| 90 217 
4307| 23 194 
4308| 226 208 
4309| 55 46 
4310| 107 217 
4311| 14 235 
4312| 133 115 
4313| 213 47 
4314| 140 118 
4315| 74 195 
4316| 15 58 
4317| 236 66 
4318| 38 3 
4319| 151 159 
4320| 104 139 
4321| 73 194 
4322| 100 96 
4323| 132 70 
4324| 49 187 
4325| 116 156 
4326| 148 131 
4327| 135 26 
4328| 246 92 
4329| 73 130 
4330| 211 147 
4331| 69 226 
4332| 205 49 
4333| 36 243 
4334| 52 187 
4335| 146 156 
4336| 70 220 
4337| 94 171 
4338| 60 226 
4339| 241 109 
4340| 157 102 
4341| 10 50 
4342| 233 145 
4343| 76 223 
4344| 238 149 
4345| 97 193 
4346| 40 166 
4347| 163 245 
4348| 216 199 
4349| 233 12 
4350| 130 123 
4351| 169 201 
4352| 87 7 
4353| 116 148 
4354| 234 101 
4355| 1 135 
4356| 203 11 
4357| 185 180 
4358| 157 5 
4359| 147 139 
4360| 154 244 
4361| 76 194 
4362| 155 239 
4363| 184 115 
4364| 182 161 
4365| 127 56 
4366| 28 40 
4367| 1 116 
4368| 48 117 
4369| 8 26 
4370| 219 9 
4371| 161 166 
4372| 21 91 
4373| 91 178 
4374| 96 238 
4375| 61 251 
4376| 227 137 
4377| 189 126 
4378| 120 117 
4379| 241 46 
4380| 22 112 
4381| 102 51 
4382| 153 104 
4383| 167 201 
4384| 221 175 
4385| 227 184 
4386| 184 132 
4387| 95 205 
4388| 223 186 
4389| 127 64 
4390| 168 188 
4391| 59 139 
4392| 69 248 
4393| 9 189 
4394| 110 250 
4395| 235 132 
4396| 107 82 
4397| 183 4 
4398| 186 94 
4399| 205 151 
4400| 13 176 
4401| 80 198 
4402| 52 175 
4403| 147 20 
4404| 105 19 
4405| 84 17 
4406| 207 143 
4407| 157 21 
4408| 135 166 
4409| 210 245 
4410| 161 190 
4411| 122 12 
4412| 16 49 
4413| 16 202 
4414| 144 221 
4415| 97 157 
4416| 141 177 
4417| 99 193 
4418| 96 247 
4419| 213 201 
4420| 10 41 
4421| 219 217 
4422| 184 120 
4423| 238 64 
4424| 30 193 
4425| 53 191 
4426| 127 175 
4427| 203 143 
4428| 225 219 
4429| 89 113 
4430| 184 186 
4431| 14 69 
4432| 108 114 
4433| 7 204 
4434| 105 220 
4435| 150 115 
4436| 6 113 
4437| 76 190 
4438| 233 59 
4439| 254 7 
4440| 252 52 
4441| 199 123 
4442| 227 146 
4443| 10 196 
4444| 110 99 
4445| 53 38 
4446| 29 68 
4447| 108 137 
4448| 182 115 
4449| 86 31 
4450| 79 236 
4451| 146 85 
4452| 93 222 
4453| 20 70 
4454| 25 18 
4455| 77 21 
4456| 70 20 
4457| 144 42 
4458| 167 154 
4459| 238 21 
4460| 253 36 
4461| 59 27 
4462| 104 167 
4463| 164 30 
4464| 26 250 
4465| 61 106 
4466| 230 207 
4467| 191 67 
4468| 173 211 
4469| 137 199 
4470| 230 215 
4471| 220 44 
4472| 235 109 
4473| 86 146 
4474| 7 69 
4475| 167 5 
4476| 105 227 
4477| 32 209 
4478| 138 196 
4479| 239 165 
4480| 191 44 
4481| 15 165 
4482| 251 206 
4483| 233 168 
4484| 162 114 
4485| 111 136 
4486| 73 76 
4487| 180 53 
4488| 185 11 
4489| 199 192 
4490| 80 111 
4491| 197 185 
4492| 82 229 
4493| 138 220 
4494| 170 121 
4495| 129 105 
4496| 165 144 
4497| 14 160 
4498| 95 247 
4499| 72 1 
4500| 106 184 
4501| 137 179 
4502| 4 61 
4503| 232 189 
4504| 72 176 
4505| 125 152 
4506| 31 67 
4507| 81 113 
4508| 40 219 
4509| 77 210 
4510| 84 207 
4511| 59 249 
4512| 95 74 
4513| 153 190 
4514| 65 226 
4515| 191 171 
4516| 154 72 
4517| 95 158 
4518| 134 71 
4519| 91 206 
4520| 247 216 
4521| 103 22 
4522| 27 184 
4523| 135 68 
4524| 148 213 
4525| 22 232 
4526| 164 82 
4527| 226 3 
4528| 156 123 
4529| 194 221 
4530| 93 129 
4531| 137 247 
4532| 202 232 
4533| 149 80 
4534| 47 240 
4535| 30 39 
4536| 201 133 
4537| 61 228 
4538| 62 197 
4539| 40 210 
4540| 154 63 
4541| 186 62 
4542| 145 156 
4543| 65 45 
4544| 24 3 
4545| 10 117 
4546| 133 147 
4547| 109 79 
4548| 123 2 
4549| 159 171 
4550| 243 189 
4551| 210 188 
4552| 67 15 
4553| 160 129 
4554| 212 201 
4555| 83 110 
4556| 8 13 
4557| 172 153 
4558| 170 238 
4559| 198 194 
4560| 241 208 
4561| 55 118 
4562| 100 164 
4563| 197 223 
4564| 167 100 
4565| 138 154 
4566| 34 92 
4567| 86 101 
4568| 108 246 
4569| 230 64 
4570| 191 57 
4571| 175 199 
4572| 70 91 
4573| 96 240 
4574| 73 38 
4575| 178 59 
4576| 247 234 
4577| 177 91 
4578| 142 119 
4579| 58 53 
4580| 219 197 
4581| 207 253 
4582| 33 37 
4583| 98 141 
4584| 28 72 
4585| 206 219 
4586| 129 125 
4587| 163 200 
4588| 216 3 
4589| 184 34 
4590| 42 107 
4591| 93 33 
4592| 85 14 
4593| 124 227 
4594| 133 182 
4595| 25 97 
4596| 123 232 
4597| 94 157 
4598| 14 193 
4599| 42 42 
4600| 9 248 
4601| 5 139 
4602| 117 168 
4603| 83 78 
4604| 172 11 
4605| 112 214 
4606| 118 205 
4607| 247 203 
4608| 219 115 
4609| 175 97 
4610| 41 200 
4611| 194 165 
4612| 176 32 
4613| 66 190 
4614| 225 108 
4615| 232 235 
4616| 101 238 
4617| 118 218 
4618| 150 201 
4619| 40 66 
4620| 212 152 
4621| 24 75 
4622| 101 15 
4623| 22 65 
4624| 130 197 
4625| 162 172 
4626| 141 100 
4627| 81 62 
4628| 132 147 
4629| 252 102 
4630| 255 229 
4631| 81 100 
4632| 211 199 
4633| 63 105 
4634| 144 103 
4635| 172 100 
4636| 0 196 
4637| 175 101 
4638| 212 198 
4639| 166 86 
4640| 139 72 
4641| 2 25 
4642| 172 83 
4643| 87 49 
4644| 230 83 
4645| 151 230 
4646| 56 232 
4647| 74 11 
4648| 175 137 
4649| 117 63 
4650| 241 33 
4651| 163 241 
4652| 229 83 
4653| 86 185 
4654| 25 253 
4655| 16 164 
4656| 69 18 
4657| 189 242 
4658| 102 20 
4659| 35 76 
4660| 104 186 
4661| 50 160 
4662| 162 125 
4663| 172 81 
4664| 6 33 
4665| 144 247 
4666| 66 51 
4667| 232 39 
4668| 134 63 
4669| 225 159 
4670| 60 241 
4671| 68 129 
4672| 3 1 
4673| 115 105 
4674| 22 150 
4675| 182 126 
4676| 80 232 
4677| 30 242 
4678| 101 202 
4679| 67 108 
4680| 235 211 
4681| 99 45 
4682| 7 76 
4683| 85 141 
4684| 139 54 
4685| 45 199 
4686| 39 113 
4687| 72 42 
4688| 114 188 
4689| 148 136 
4690| 82 74 
4691| 6 163 
4692| 50 37 
4693| 149 152 
4694| 239 217 
4695| 4 219 
4696| 172 103 
4697| 8 179 
4698| 179 93 
4699| 65 62 
4700| 147 110 
4701| 5 186 
4702| 223 78 
4703| 229 81 
4704| 10 121 
4705| 218 92 
4706| 195 224 
4707| 255 245 
4708| 5 149 
4709| 141 245 
4710| 110 145 
4711| 208 26 
4712| 249 216 
4713| 206 172 
4714| 54 15 
4715| 235 201 
4716| 125 240 
4717| 132 92 
4718| 62 105 
4719| 173 72 
4720| 226 135 
4721| 165 165 
4722| 104 164 
4723| 154 109 
4724| 57 40 
4725| 98 167 
4726| 185 50 
4727| 194 178 
4728| 11 144 
4729| 95 65 
4730| 159 74 
4731| 10 28 
4732| 58 142 
4733| 120 121 
4734| 247 37 
4735| 193 217 
4736| 173 102 
4737| 126 21 
4738| 11 25 
4739| 130 68 
4740| 65 229 
4741| 236 250 
4742| 23 174 
4743| 173 34 
4744| 62 12 
4745| 99 221 
4746| 86 110 
4747| 249 144 
4748| 252 113 
4749| 9 244 
4750| 150 203 
4751| 205 67 
4752| 49 76 
4753| 88 60 
4754| 101 219 
4755| 129 166 
4756| 192 109 
4757| 160 215 
4758| 27 77 
4759| 250 89 
4760| 89 93 
4761| 54 175 
4762| 203 47 
4763| 64 200 
4764| 160 73 
4765| 188 54 
4766| 20 137 
4767| 122 70 
4768| 213 210 
4769| 130 58 
4770| 173 3 
4771| 224 109 
4772| 112 129 
4773| 69 139 
4774| 206 63 
4775| 228 40 
4776| 156 26 
4777| 215 104 
4778| 73 23 
4779| 48 233 
4780| 97 236 
4781| 32 117 
4782| 117 154 
4783| 187 75 
4784| 108 62 
4785| 133 26 
4786| 65 102 
4787| 135 178 
4788| 231 204 
4789| 61 181 
4790| 11 34 
4791| 221 168 
4792| 60 181 
4793| 16 134 
4794| 204 64 
4795| 111 45 
4796| 44 143 
4797| 163 161 
4798| 41 94 
4799| 236 150 
4800| 156 114 
4801| 176 222 
4802| 216 55 
4803| 144 191 
4804| 4 205 
4805| 116 15 
4806| 239 82 
4807| 183 44 
4808| 7 199 
4809| 178 211 
4810| 7 33 
4811| 1 51 
4812| 177 164 
4813| 213 218 
4814| 2 193 
4815| 112 159 
4816| 51 32 
4817| 125 11 
4818| 88 13 
4819| 202 92 
4820| 218 63 
4821| 107 202 
4822| 145 35 
4823| 246 152 
4824| 234 168 
4825| 107 242 
4826| 201 108 
4827| 37 122 
4828| 16 250 
4829| 85 19 
4830| 188 197 
4831| 178 239 
4832| 230 47 
4833| 251 62 
4834| 60 197 
4835| 154 22 
4836| 4 5 
4837| 224 149 
4838| 40 214 
4839| 45 19 
4840| 126 153 
4841| 5 72 
4842| 5 42 
4843| 194 22 
4844| 37 23 
4845| 41 225 
4846| 221 219 
4847| 208 195 
4848| 10 203 
4849| 1 70 
4850| 145 155 
4851| 92 149 
4852| 160 61 
4853| 43 201 
4854| 19 88 
4855| 220 146 
4856| 241 225 
4857| 218 247 
4858| 11 156 
4859| 13 48 
4860| 180 54 
4861| 17 145 
4862| 17 226 
4863| 84 27 
4864| 173 85 
4865| 97 62 
4866| 240 189 
4867| 212 144 
4868| 250 255 
4869| 89 14 
4870| 87 53 
4871| 160 73 
4872| 22 122 
4873| 64 34 
4874| 22 77 
4875| 82 202 
4876| 131 100 
4877| 91 148 
4878| 70 175 
4879| 175 243 
4880| 4 16 
4881| 50 244 
4882| 205 6 
4883| 133 200 
4884| 5 222 
4885| 214 92 
4886| 20 118 
4887| 165 42 
4888| 240 229 
4889| 76 6 
4890| 50 159 
4891| 209 181 
4892| 3 44 
4893| 73 73 
4894| 220 248 
4895| 60 224 
4896| 8 110 
4897| 213 214 
4898| 116 90 
4899| 158 121 
4900| 56 116 
4901| 214 76 
4902| 234 123 
4903| 119 218 
4904| 97 195 
4905| 224 147 
4906| 98 177 
4907| 73 101 
4908| 222 146 
4909| 174 186 
4910| 139 235 
4911| 154 147 
4912| 89 111 
4913| 105 206 
4914| 201 7 
4915| 71 2 
4916| 123 29 
4917| 78 101 
4918| 153 197 
4919| 63 250 
4920| 137 32 
4921| 141 235 
4922| 209 214 
4923| 81 175 
4924| 105 255 
4925| 105 244 
4926| 234 4 
4927| 135 68 
4928| 115 241 
4929| 18 61 
4930| 248 89 
4931| 63 116 
4932| 119 141 
4933| 217 16 
4934| 83 25 
4935| 10 220 
4936| 57 151 
4937| 199 10 
4938| 110 24 
4939| 186 215 
4940| 24 35 
4941| 203 2 
4942| 39 82 
4943| 70 155 
4944| 67 88 
4945| 216 60 
4946| 178 23 
4947| 176 41 
4948| 164 137 
4949| 57 247 
4950| 162 67 
4951| 211 219 
4952| 218 155 
4953| 230 72 
4954| 179 160 
4955| 31 203 
4956| 195 234 
4957| 206 235 
4958| 61 20 
4959| 134 128 
4960| 109 94 
4961| 188 31 
4962| 117 108 
4963| 72 25 
4964| 246 129 
4965| 17 152 
4966| 196 228 
4967| 116 158 
4968| 127 90 
4969| 231 51 
4970| 250 6 
4971| 254 189 
4972| 241 204 
4973| 168 46 
4974| 225 46 
4975| 174 78 
4976| 140 107 
4977| 109 1 
4978| 215 181 
4979| 27 205 
4980| 54 44 
4981| 102 250 
4982| 16 218 
4983| 152 144 
4984| 52 127 
4985| 195 46 
4986| 134 193 
4987| 235 119 
4988| 142 148 
4989| 165 111 
4990| 194 83 
4991| 189 79 
4992| 190 42 
4993| 80 150 
4994| 223 107 
4995| 99 21 
4996| 151 201 
4997| 15 168 
4998| 163 167 
4999| 56 215 
