0 206 16 76 231 108 132 193 111 68 146 162 101 198 78 224 252 149 173 91 129 61 199 117 227 35 124 70 38 141 4 164 91 20 240
1 66 128 116 4 240 185 150 146 30 92 224 255 88 118 172 179 247 234 123 108 205 158 233 19 196 118 23 104 209 43 88 19 172 205
2 23 156 134 174 46 164 10 15 163 99 133 80 22 124 58 145 233 7 47 210 27 243 72 50 91 25 94 180 44 10 129 68 166 7
3 242 212 171 252 227 79 95 104 159 118 229 217 7 206 224 55 160 251 42 232 46 134 1 140 58 45 150 187 113 60 194 99 16 109
4 96 244 188 191 92 91 53 65 52 61 15 21 116 175 16 158 151 62 36 152 202 94 198 96 25 55 156 219 155 173 73 251 161 5
5 186 253 97 240 63 149 45 78 170 161 254 187 63 149 249 100 46 196 194 244 36 220 43 193 183 198 110 0 193 15 6 124 12 103
6 108 75 252 153 154 167 58 152 98 121 45 91 221 91 31 160 79 68 124 123 5 51 65 115 52 3 130 58 127 142 161 235 218 157
7 132 116 68 190 12 166 55 57 2 21 149 33 181 228 101 49 95 106 100 161 221 152 164 95 210 35 238 115 14 200 17 146 60 85
8 80 72 252 135 129 254 156 22 31 81 251 133 130 90 239 231 251 205 127 159 44 82 194 26 197 208 226 214 98 30 44 178 102 40
9 58 232 38 214 254 69 40 249 202 170 84 186 145 79 135 17 239 179 99 177 206 40 130 176 255 228 207 43 151 53 83 209 29 121
10 167 28 190 207 21 137 122 105 67 11 185 202 28 168 125 127 89 75 168 219 252 167 192 203 210 87 0 37 40 30 158 207 58 92
11 159 79 229 25 185 40 36 114 242 65 26 112 192 115 187 104 79 183 15 15 130 225 102 131 6 142 161 164 93 219 1 252 42 230
12 21 227 15 58 85 1 123 111 113 59 227 45 164 50 228 179 65 103 149 167 234 155 53 139 64 146 102 65 143 144 39 164 116 54
13 222 201 56 89 57 169 149 28 214 57 78 187 236 143 34 129 54 12 29 107 151 93 253 253 158 140 141 197 49 1 252 15 203 52
14 105 4 221 254 32 180 55 110 111 35 253 145 165 51 157 194 158 52 31 155 49 189 40 190 130 89 192 126 104 139 178 209 143 144
15 207 175 68 6 29 179 42 26 68 207 77 225 145 235 21 176 134 70 109 174 4 239 7 196 110 112 79 32 65 222 176 17 141 244
16 23 170 167 65 196 235 16 17 204 161 252 225 81 131 39 190 49 44 174 57 240 28 169 64 60 234 30 237 251 172 225 19 86 137
17 84 27 116 101 44 65 6 41 34 88 172 74 22 221 118 196 22 102 224 191 166 29 170 197 10 165 113 235 184 199 116 13 226 233
18 114 15 42 120 56 76 208 228 150 231 193 12 171 216 115 140 151 25 169 65 222 179 231 79 158 159 23 19 172 249 252 30 8 38
19 151 64 114 103 36 9 78 230 21 250 190 136 134 85 162 47 151 128 226 126 208 128 29 231 147 202 224 143 232 233 181 127 41 40
