2000
0| a72 a30 
a| 244 a25 
2| 63 2 
3| 47 a90 
4| a09 239 
5| a65 a 
6| a95 48 
7| a3 30 
8| 2a9 a39 
9| 2a3 87 
a0| a23 79 
aa| 2a5 225 
a2| 23a 87 
a3| a2 3 
a4| 46 a54 
a5| 67 2a8 
a6| 28 56 
a7| 87 9a 
a8| 58 a34 
a9| 25 a67 
20| aa8 a9a 
2a| a68 57 
22| 239 a82 
23| 87 203 
24| 65 44 
25| 34 a89 
26| a23 249 
27| a58 99 
28| 80 a70 
29| a02 a26 
30| 68 a69 
3a| 88 96 
32| 225 a76 
33| a88 28 
34| 54 2a3 
35| a95 a72 
36| a48 a08 
37| 230 a32 
38| 34 6a 
39| 79 99 
40| a06 aa3 
4a| 32 229 
42| a06 a90 
43| 72 a86 
44| a04 a74 
45| 56 a72 
46| 88 a44 
47| a3 57 
48| 64 20a 
49| 85 aa9 
50| a58 25 
5a| 35 5a 
52| a33 9 
53| a83 a67 
54| 7a 6 
55| a0 a77 
56| aa9 43 
57| a50 225 
58| 233 223 
59| a55 82 
60| a4a 2aa 
6a| 254 229 
62| 99 aa 
63| 3a a64 
64| 2a2 aa6 
65| 27 aa5 
66| a4a 62 
67| a66 a8 
68| 72 93 
69| a85 a43 
70| 99 a96 
7a| 64 2a8 
72| 239 2a4 
73| a87 2a6 
74| a8a 86 
75| 42 67 
76| 4a 4a 
77| 40 a40 
78| 52 7a 
79| 48 9 
80| a88 75 
8a| a24 73 
82| a38 34 
83| 92 210 
84| 127 21 
85| 97 226 
86| 217 161 
87| 188 200 
88| 119 119 
89| 161 45 
90| 205 203 
91| 112 246 
92| 244 152 
93| 130 41 
94| 224 179 
95| 50 156 
96| 254 174 
97| 229 136 
98| 208 65 
99| 90 79 
100| 87 187 
101| 49 48 
102| 92 237 
103| 249 212 
104| 100 154 
105| 1 49 
106| 101 113 
107| 39 90 
108| 9 169 
109| 131 233 
110| 92 181 
111| 133 91 
112| 99 107 
113| 227 51 
114| 172 62 
115| 130 3 
116| 249 179 
117| 52 86 
118| 160 45 
119| 42 4 
120| 199 43 
121| 53 44 
122| 156 92 
123| 134 165 
124| 5 9 
125| 143 98 
126| 190 20 
127| 189 33 
128| 127 160 
129| 84 44 
130| 222 214 
131| 47 216 
132| 137 99 
133| 46 41 
134| 144 88 
135| 45 87 
136| 131 98 
137| 132 31 
138| 190 10 
139| 196 196 
140| 20 83 
141| 38 210 
142| 104 227 
143| 244 231 
144| 131 72 
145| 19 98 
146| 31 67 
147| 58 168 
148| 166 104 
149| 210 55 
150| 192 255 
151| 142 67 
152| 98 18 
153| 98 32 
154| 29 38 
155| 228 49 
156| 122 10 
157| 3 226 
158| 237 247 
159| 201 113 
160| 64 221 
161| 211 95 
162| 32 13 
163| 7 198 
164| 117 217 
165| 253 53 
166| 217 140 
167| 120 59 
168| 158 218 
169| 91 187 
170| 0 64 
171| 236 122 
172| 74 240 
173| 92 56 
174| 231 38 
175| 169 39 
176| 3 124 
177| 134 35 
178| 137 142 
179| 233 254 
180| 103 231 
181| 51 64 
182| 115 171 
183| 123 17 
184| 133 215 
185| 205 133 
186| 23 185 
187| 0 97 
188| 169 92 
189| 153 145 
190| 130 66 
191| 184 133 
192| 190 63 
193| 168 71 
194| 205 146 
195| 69 52 
196| 121 120 
197| 117 236 
198| 35 240 
199| 253 168 
200| 199 202 
201| 46 222 
202| 132 46 
203| 64 45 
204| 138 217 
205| 190 13 
206| 28 119 
207| 146 218 
208| 182 59 
209| 34 131 
210| 205 103 
211| 183 70 
212| 224 44 
213| 50 3 
214| 29 47 
215| 172 228 
216| 250 218 
217| 195 126 
218| 8 3 
219| 171 146 
220| 220 106 
221| 159 248 
222| 225 50 
223| 211 151 
224| 109 245 
225| 26 58 
226| 92 209 
227| 128 60 
228| 254 178 
229| 64 27 
230| 225 236 
231| 255 219 
232| 198 194 
233| 89 206 
234| 197 5 
235| 96 162 
236| 111 0 
237| 154 80 
238| 50 109 
239| 231 159 
240| 98 1 
241| 217 191 
242| 210 89 
243| 251 208 
244| 11 59 
245| 235 236 
246| 39 235 
247| 200 237 
248| 173 33 
249| 187 115 
250| 38 28 
251| 21 149 
252| 28 175 
253| 229 78 
254| 29 204 
255| 237 127 
256| 205 198 
257| 62 160 
258| 31 58 
259| 112 42 
260| 117 92 
261| 22 157 
262| 71 222 
263| 138 244 
264| 0 70 
265| 103 38 
266| 98 124 
267| 188 126 
268| 44 161 
269| 204 73 
270| 110 185 
271| 200 59 
272| 127 7 
273| 219 158 
274| 65 76 
275| 200 182 
276| 168 222 
277| 83 239 
278| 189 222 
279| 227 189 
280| 36 75 
281| 227 134 
282| 199 159 
283| 4 243 
284| 65 208 
285| 60 175 
286| 137 5 
287| 234 8 
288| 12 198 
289| 166 77 
290| 18 110 
291| 3 186 
292| 76 87 
293| 169 9 
294| 53 140 
295| 198 89 
296| 215 170 
297| 223 159 
298| 73 227 
299| 146 138 
300| 179 207 
301| 57 60 
302| 212 36 
303| 68 224 
304| 234 234 
305| 45 252 
306| 88 48 
307| 182 164 
308| 135 95 
309| 174 188 
310| 235 116 
311| 21 195 
312| 30 244 
313| 98 104 
314| 215 244 
315| 242 138 
316| 195 44 
317| 198 151 
318| 80 10 
319| 119 58 
320| 244 164 
321| 54 76 
322| 213 236 
323| 241 92 
324| 75 159 
325| 25 54 
326| 19 46 
327| 249 50 
328| 35 91 
329| 154 250 
330| 80 140 
331| 133 19 
332| 184 75 
333| 171 8 
334| 86 34 
335| 66 74 
336| 199 120 
337| 151 156 
338| 100 136 
339| 248 175 
340| 39 17 
341| 230 58 
342| 64 223 
343| 108 99 
344| 59 6 
345| 93 139 
346| 147 226 
347| 158 75 
348| 46 73 
349| 84 132 
350| 108 150 
351| 206 51 
352| 15 101 
353| 207 115 
354| 237 199 
355| 35 20 
356| 217 9 
357| 79 25 
358| 232 187 
359| 124 35 
360| 194 217 
361| 174 85 
362| 188 77 
363| 160 234 
364| 150 244 
365| 110 2 
366| 139 60 
367| 53 154 
368| 162 4 
369| 13 143 
370| 204 48 
371| 164 165 
372| 57 243 
373| 190 34 
374| 174 58 
375| 69 112 
376| 19 244 
377| 197 207 
378| 65 102 
379| 185 215 
380| 90 39 
381| 218 229 
382| 100 15 
383| 127 6 
384| 20 141 
385| 149 224 
386| 189 57 
387| 133 247 
388| 44 67 
389| 25 219 
390| 125 94 
391| 75 144 
392| 82 17 
393| 96 147 
394| 119 25 
395| 107 209 
396| 65 69 
397| 183 165 
398| 84 54 
399| 171 104 
400| 195 64 
401| 72 129 
402| 122 205 
403| 120 166 
404| 16 145 
405| 129 141 
406| 239 205 
407| 30 66 
408| 222 126 
409| 213 85 
410| 151 64 
411| 38 216 
412| 133 221 
413| 125 218 
414| 20 40 
415| 66 215 
416| 105 139 
417| 88 227 
418| 88 208 
419| 137 105 
420| 97 11 
421| 246 81 
422| 216 20 
423| 147 182 
424| 146 104 
425| 11 42 
426| 169 49 
427| 2 46 
428| 15 128 
429| 8 35 
430| 168 75 
431| 250 17 
432| 214 83 
433| 244 46 
434| 35 126 
435| 151 133 
436| 137 142 
437| 214 97 
438| 162 105 
439| 23 53 
440| 209 34 
441| 95 122 
442| 83 97 
443| 169 98 
444| 225 177 
445| 133 138 
446| 252 128 
447| 155 210 
448| 211 144 
449| 1 246 
450| 14 152 
451| 123 151 
452| 38 81 
453| 248 201 
454| 186 15 
455| 254 140 
456| 49 93 
457| 6 132 
458| 190 175 
459| 231 160 
460| 97 108 
461| 42 93 
462| 236 197 
463| 48 191 
464| 85 49 
465| 182 99 
466| 201 49 
467| 250 240 
468| 131 242 
469| 185 61 
470| 1 183 
471| 201 50 
472| 20 208 
473| 183 210 
474| 127 158 
475| 114 224 
476| 10 156 
477| 62 247 
478| 98 110 
479| 182 183 
480| 159 108 
481| 27 104 
482| 158 21 
483| 88 33 
484| 8 17 
485| 94 9 
486| 200 40 
487| 60 220 
488| 248 243 
489| 175 119 
490| 145 33 
491| 88 155 
492| 190 150 
493| 146 32 
494| 4 73 
495| 215 163 
496| 181 242 
497| 11 83 
498| 8 100 
499| 116 16 
500| 117 211 
501| 25 62 
502| 251 85 
503| 26 243 
504| 72 201 
505| 106 217 
506| 235 194 
507| 117 169 
508| 88 7 
509| 201 92 
510| 80 160 
511| 255 6 
512| 147 11 
513| 89 155 
514| 111 206 
515| 171 228 
516| 161 196 
517| 34 156 
518| 26 61 
519| 143 98 
520| 6 249 
521| 60 241 
522| 188 177 
523| 154 20 
524| 184 99 
525| 113 9 
526| 4 112 
527| 15 151 
528| 123 104 
529| 50 234 
530| 54 221 
531| 207 215 
532| 161 241 
533| 115 187 
534| 46 2 
535| 30 53 
536| 252 90 
537| 38 184 
538| 11 193 
539| 204 195 
540| 36 61 
541| 204 40 
542| 174 219 
543| 191 41 
544| 68 241 
545| 20 122 
546| 206 227 
547| 82 112 
548| 212 197 
549| 43 3 
550| 200 73 
551| 56 196 
552| 163 94 
553| 124 174 
554| 31 72 
555| 114 68 
556| 134 62 
557| 108 52 
558| 26 44 
559| 93 94 
560| 29 113 
561| 216 236 
562| 84 42 
563| 92 41 
564| 240 135 
565| 44 184 
566| 209 100 
567| 124 116 
568| 194 248 
569| 35 226 
570| 64 149 
571| 38 198 
572| 211 146 
573| 250 237 
574| 190 88 
575| 75 220 
576| 201 36 
577| 200 30 
578| 78 36 
579| 71 62 
580| 171 115 
581| 246 124 
582| 215 114 
583| 241 153 
584| 106 20 
585| 123 171 
586| 169 161 
587| 113 124 
588| 52 108 
589| 106 242 
590| 196 181 
591| 206 141 
592| 217 150 
593| 171 40 
594| 186 242 
595| 102 102 
596| 101 93 
597| 226 60 
598| 207 211 
599| 214 58 
600| 231 81 
601| 229 144 
602| 243 86 
603| 13 39 
604| 194 119 
605| 25 134 
606| 44 232 
607| 20 6 
608| 126 191 
609| 46 57 
610| 178 148 
611| 159 23 
612| 241 129 
613| 84 193 
614| 85 42 
615| 251 60 
616| 123 224 
617| 205 110 
618| 54 218 
619| 149 249 
620| 81 175 
621| 127 125 
622| 151 147 
623| 131 21 
624| 83 177 
625| 78 5 
626| 70 237 
627| 28 55 
628| 111 112 
629| 248 196 
630| 154 243 
631| 0 22 
632| 211 205 
633| 132 10 
634| 167 26 
635| 3 248 
636| 201 130 
637| 118 96 
638| 22 249 
639| 117 105 
640| 171 196 
641| 110 241 
642| 177 138 
643| 40 32 
644| 251 33 
645| 228 149 
646| 20 229 
647| 171 232 
648| 178 48 
649| 242 90 
650| 74 245 
651| 82 19 
652| 119 200 
653| 115 141 
654| 194 232 
655| 246 109 
656| 172 100 
657| 94 94 
658| 239 134 
659| 126 234 
660| 167 99 
661| 127 188 
662| 72 43 
663| 164 250 
664| 91 150 
665| 84 165 
666| 139 167 
667| 184 2 
668| 111 43 
669| 144 49 
670| 19 134 
671| 158 192 
672| 235 252 
673| 30 218 
674| 131 156 
675| 196 42 
676| 255 67 
677| 230 71 
678| 110 138 
679| 66 201 
680| 32 150 
681| 110 171 
682| 61 38 
683| 174 173 
684| 81 62 
685| 222 101 
686| 196 125 
687| 37 175 
688| 121 67 
689| 137 252 
690| 223 77 
691| 39 223 
692| 145 13 
693| 38 255 
694| 152 104 
695| 201 184 
696| 255 55 
697| 100 60 
698| 94 18 
699| 233 175 
700| 80 200 
701| 20 20 
702| 69 57 
703| 196 190 
704| 124 77 
705| 187 92 
706| 155 226 
707| 59 44 
708| 239 97 
709| 43 135 
710| 202 244 
711| 64 201 
712| 44 164 
713| 5 138 
714| 182 239 
715| 57 6 
716| 183 78 
717| 26 252 
718| 135 222 
719| 186 4 
720| 44 117 
721| 96 199 
722| 87 155 
723| 243 71 
724| 252 30 
725| 206 198 
726| 19 14 
727| 143 63 
728| 178 149 
729| 201 104 
730| 132 2 
731| 110 59 
732| 80 137 
733| 55 216 
734| 103 241 
735| 220 147 
736| 103 60 
737| 90 190 
738| 215 77 
739| 5 211 
740| 108 212 
741| 154 127 
742| 226 41 
743| 190 149 
744| 190 135 
745| 253 66 
746| 137 108 
747| 125 218 
748| 245 180 
749| 178 92 
750| 166 142 
751| 240 13 
752| 202 74 
753| 203 161 
754| 152 209 
755| 116 4 
756| 165 14 
757| 131 135 
758| 56 65 
759| 28 246 
760| 200 26 
761| 57 81 
762| 134 182 
763| 43 123 
764| 107 221 
765| 215 17 
766| 107 199 
767| 30 53 
768| 18 233 
769| 214 170 
770| 186 75 
771| 174 95 
772| 89 49 
773| 231 145 
774| 114 3 
775| 136 58 
776| 29 193 
777| 139 163 
778| 119 183 
779| 30 226 
780| 148 246 
781| 243 0 
782| 189 17 
783| 53 207 
784| 251 12 
785| 121 181 
786| 87 39 
787| 21 176 
788| 88 252 
789| 66 202 
790| 255 202 
791| 4 29 
792| 139 144 
793| 192 2 
794| 71 223 
795| 229 219 
796| 213 216 
797| 219 146 
798| 234 17 
799| 98 229 
800| 29 219 
801| 154 116 
802| 3 175 
803| 36 91 
804| 171 102 
805| 38 171 
806| 48 42 
807| 200 187 
808| 186 136 
809| 190 1 
810| 103 163 
811| 221 60 
812| 123 184 
813| 207 101 
814| 201 49 
815| 74 230 
816| 12 229 
817| 90 15 
818| 148 127 
819| 107 64 
820| 229 145 
821| 235 22 
822| 187 179 
823| 209 118 
824| 59 143 
825| 119 163 
826| 50 84 
827| 223 174 
828| 13 174 
829| 19 214 
830| 223 94 
831| 189 236 
832| 67 23 
833| 251 215 
834| 150 102 
835| 23 124 
836| 247 2 
837| 146 179 
838| 181 99 
839| 41 241 
840| 243 160 
841| 148 37 
842| 245 115 
843| 211 2 
844| 34 231 
845| 216 1 
846| 69 149 
847| 237 136 
848| 173 233 
849| 95 67 
850| 79 119 
851| 191 71 
852| 121 81 
853| 250 47 
854| 181 35 
855| 32 168 
856| 195 180 
857| 205 184 
858| 39 161 
859| 186 73 
860| 136 147 
861| 75 205 
862| 40 56 
863| 85 213 
864| 33 180 
865| 25 113 
866| 43 216 
867| 184 165 
868| 42 178 
869| 212 223 
870| 213 244 
871| 135 152 
872| 168 84 
873| 81 207 
874| 245 11 
875| 25 125 
876| 158 100 
877| 74 199 
878| 156 159 
879| 156 190 
880| 84 181 
881| 47 127 
882| 142 231 
883| 36 184 
884| 153 248 
885| 151 110 
886| 236 30 
887| 6 148 
888| 114 87 
889| 100 104 
890| 99 125 
891| 229 1 
892| 225 48 
893| 200 125 
894| 207 101 
895| 59 35 
896| 26 106 
897| 163 168 
898| 81 199 
899| 96 234 
900| 192 247 
901| 88 172 
902| 21 95 
903| 65 136 
904| 182 165 
905| 240 25 
906| 34 213 
907| 27 3 
908| 5 227 
909| 128 213 
910| 72 188 
911| 248 99 
912| 38 155 
913| 11 120 
914| 99 108 
915| 98 35 
916| 99 187 
917| 207 121 
918| 26 16 
919| 1 208 
920| 181 241 
921| 234 215 
922| 198 5 
923| 218 204 
924| 232 91 
925| 161 49 
926| 23 153 
927| 148 61 
928| 53 159 
929| 181 152 
930| 11 24 
931| 187 111 
932| 211 138 
933| 232 237 
934| 155 233 
935| 189 80 
936| 218 167 
937| 40 160 
938| 172 2 
939| 108 149 
940| 93 13 
941| 198 116 
942| 167 90 
943| 178 220 
944| 249 103 
945| 116 5 
946| 127 47 
947| 116 82 
948| 185 92 
949| 63 84 
950| 69 253 
951| 165 31 
952| 164 205 
953| 191 81 
954| 207 44 
955| 230 45 
956| 57 172 
957| 161 224 
958| 6 83 
959| 188 255 
960| 187 48 
961| 4 58 
962| 95 120 
963| 141 25 
964| 212 204 
965| 109 25 
966| 201 18 
967| 56 110 
968| 223 248 
969| 191 175 
970| 36 165 
971| 220 93 
972| 81 125 
973| 62 87 
974| 209 250 
975| 86 140 
976| 43 91 
977| 198 138 
978| 211 83 
979| 163 168 
980| 32 17 
981| 193 233 
982| 35 250 
983| 87 3 
984| 242 22 
985| 178 22 
986| 187 142 
987| 115 12 
988| 11 177 
989| 99 220 
990| 172 186 
991| 104 215 
992| 21 47 
993| 97 232 
994| 130 5 
995| 144 162 
996| 22 82 
997| 140 57 
998| 76 227 
999| 60 62 
1000| 250 238 
1001| 84 181 
1002| 124 199 
1003| 194 136 
1004| 121 37 
1005| 100 37 
1006| 223 205 
1007| 252 244 
1008| 252 93 
1009| 221 126 
1010| 98 109 
1011| 33 120 
1012| 191 173 
1013| 178 11 
1014| 144 238 
1015| 73 138 
1016| 221 157 
1017| 64 89 
1018| 101 2 
1019| 225 222 
1020| 39 70 
1021| 3 7 
1022| 19 255 
1023| 251 15 
1024| 92 216 
1025| 141 191 
1026| 70 174 
1027| 55 5 
1028| 91 233 
1029| 17 236 
1030| 216 90 
1031| 118 181 
1032| 248 182 
1033| 14 93 
1034| 184 240 
1035| 59 224 
1036| 54 62 
1037| 231 73 
1038| 61 226 
1039| 88 153 
1040| 187 229 
1041| 88 1 
1042| 148 144 
1043| 6 239 
1044| 121 23 
1045| 219 81 
1046| 114 82 
1047| 6 106 
1048| 8 21 
1049| 199 193 
1050| 5 2 
1051| 161 59 
1052| 64 136 
1053| 132 125 
1054| 106 220 
1055| 22 37 
1056| 193 111 
1057| 38 85 
1058| 255 45 
1059| 69 120 
1060| 68 32 
1061| 202 182 
1062| 114 208 
1063| 32 123 
1064| 229 231 
1065| 60 234 
1066| 233 221 
1067| 37 41 
1068| 101 169 
1069| 166 207 
1070| 133 189 
1071| 245 71 
1072| 44 27 
1073| 156 43 
1074| 72 225 
1075| 163 141 
1076| 2 109 
1077| 67 116 
1078| 62 100 
1079| 239 35 
1080| 75 43 
1081| 14 53 
1082| 8 51 
1083| 94 109 
1084| 221 5 
1085| 61 98 
1086| 194 50 
1087| 169 238 
1088| 77 70 
1089| 25 150 
1090| 39 188 
1091| 35 41 
1092| 42 102 
1093| 158 104 
1094| 202 141 
1095| 139 22 
1096| 185 153 
1097| 75 193 
1098| 205 169 
1099| 47 170 
1100| 174 108 
1101| 12 112 
1102| 158 182 
1103| 94 235 
1104| 252 119 
1105| 129 35 
1106| 52 164 
1107| 77 94 
1108| 11 235 
1109| 198 213 
1110| 120 81 
1111| 235 49 
1112| 235 54 
1113| 243 184 
1114| 224 34 
1115| 98 142 
1116| 142 110 
1117| 255 44 
1118| 36 93 
1119| 23 32 
1120| 213 153 
1121| 68 9 
1122| 61 145 
1123| 103 72 
1124| 124 45 
1125| 30 244 
1126| 126 9 
1127| 38 105 
1128| 64 25 
1129| 33 32 
1130| 59 131 
1131| 174 201 
1132| 242 173 
1133| 245 22 
1134| 11 12 
1135| 55 224 
1136| 165 123 
1137| 233 227 
1138| 12 80 
1139| 43 136 
1140| 125 73 
1141| 124 251 
1142| 83 162 
1143| 101 147 
1144| 187 134 
1145| 179 246 
1146| 10 97 
1147| 191 252 
1148| 15 180 
1149| 18 26 
1150| 193 73 
1151| 250 102 
1152| 196 227 
1153| 73 208 
1154| 51 117 
1155| 88 176 
1156| 190 213 
1157| 171 17 
1158| 119 16 
1159| 164 51 
1160| 151 87 
1161| 41 161 
1162| 185 233 
1163| 157 200 
1164| 157 175 
1165| 226 94 
1166| 249 220 
1167| 197 189 
1168| 191 14 
1169| 142 242 
1170| 131 230 
1171| 162 66 
1172| 187 77 
1173| 83 51 
1174| 94 248 
1175| 102 245 
1176| 79 143 
1177| 150 8 
1178| 120 51 
1179| 208 22 
1180| 226 178 
1181| 116 219 
1182| 142 57 
1183| 153 77 
1184| 72 39 
1185| 63 203 
1186| 13 225 
1187| 13 201 
1188| 47 97 
1189| 252 141 
1190| 89 98 
1191| 130 168 
1192| 241 24 
1193| 177 106 
1194| 75 129 
1195| 128 45 
1196| 52 244 
1197| 9 194 
1198| 46 162 
1199| 16 118 
1200| 201 79 
1201| 65 214 
1202| 49 79 
1203| 159 96 
1204| 176 155 
1205| 237 9 
1206| 253 111 
1207| 177 239 
1208| 135 98 
1209| 89 210 
1210| 228 217 
1211| 255 24 
1212| 205 8 
1213| 218 251 
1214| 170 234 
1215| 113 115 
1216| 58 179 
1217| 74 107 
1218| 2 233 
1219| 203 178 
1220| 133 184 
1221| 187 130 
1222| 39 108 
1223| 113 174 
1224| 207 202 
1225| 128 179 
1226| 163 127 
1227| 203 113 
1228| 136 165 
1229| 108 50 
1230| 144 222 
1231| 166 202 
1232| 145 240 
1233| 53 147 
1234| 217 0 
1235| 69 94 
1236| 184 0 
1237| 225 223 
1238| 108 82 
1239| 141 59 
1240| 29 13 
1241| 238 192 
1242| 140 185 
1243| 49 20 
1244| 95 158 
1245| 71 239 
1246| 124 237 
1247| 185 13 
1248| 221 238 
1249| 160 182 
1250| 238 229 
1251| 21 166 
1252| 229 246 
1253| 133 81 
1254| 72 18 
1255| 141 101 
1256| 31 123 
1257| 38 171 
1258| 53 87 
1259| 192 148 
1260| 245 7 
1261| 131 113 
1262| 244 60 
1263| 126 209 
1264| 42 30 
1265| 135 24 
1266| 3 156 
1267| 190 232 
1268| 146 67 
1269| 58 219 
1270| 85 199 
1271| 64 116 
1272| 66 102 
1273| 31 119 
1274| 190 223 
1275| 11 179 
1276| 230 142 
1277| 37 218 
1278| 202 163 
1279| 171 244 
1280| 194 51 
1281| 12 197 
1282| 207 202 
1283| 174 98 
1284| 13 232 
1285| 61 98 
1286| 175 125 
1287| 214 241 
1288| 228 246 
1289| 105 162 
1290| 213 116 
1291| 85 188 
1292| 3 122 
1293| 150 205 
1294| 30 66 
1295| 194 224 
1296| 117 206 
1297| 165 68 
1298| 153 83 
1299| 166 166 
1300| 59 227 
1301| 9 234 
1302| 97 223 
1303| 220 69 
1304| 213 69 
1305| 231 171 
1306| 185 60 
1307| 103 188 
1308| 183 253 
1309| 138 213 
1310| 63 76 
1311| 181 180 
1312| 26 90 
1313| 249 179 
1314| 174 159 
1315| 90 233 
1316| 131 99 
1317| 212 228 
1318| 66 176 
1319| 41 24 
1320| 245 16 
1321| 195 174 
1322| 76 42 
1323| 107 3 
1324| 39 245 
1325| 216 103 
1326| 65 141 
1327| 27 91 
1328| 232 20 
1329| 15 150 
1330| 180 105 
1331| 127 55 
1332| 204 83 
1333| 27 14 
1334| 3 68 
1335| 38 248 
1336| 84 233 
1337| 167 160 
1338| 19 18 
1339| 164 59 
1340| 7 124 
1341| 162 72 
1342| 10 189 
1343| 163 242 
1344| 210 178 
1345| 136 134 
1346| 27 7 
1347| 189 231 
1348| 91 216 
1349| 246 94 
1350| 28 28 
1351| 87 112 
1352| 6 254 
1353| 16 25 
1354| 16 180 
1355| 84 23 
1356| 49 246 
1357| 95 59 
1358| 180 2 
1359| 45 134 
1360| 181 181 
1361| 12 208 
1362| 188 201 
1363| 184 23 
1364| 161 174 
1365| 118 189 
1366| 202 205 
1367| 45 208 
1368| 203 61 
1369| 234 219 
1370| 242 62 
1371| 242 35 
1372| 53 81 
1373| 94 233 
1374| 83 139 
1375| 111 8 
1376| 64 123 
1377| 217 252 
1378| 68 145 
1379| 20 229 
1380| 63 138 
1381| 162 9 
1382| 87 207 
1383| 218 34 
1384| 12 196 
1385| 253 254 
1386| 2 239 
1387| 33 55 
1388| 64 127 
1389| 32 147 
1390| 10 143 
1391| 156 74 
1392| 10 117 
1393| 71 78 
1394| 6 91 
1395| 51 69 
1396| 229 213 
1397| 78 60 
1398| 164 40 
1399| 94 177 
1400| 236 91 
1401| 175 239 
1402| 74 209 
1403| 38 138 
1404| 80 71 
1405| 29 91 
1406| 214 185 
1407| 165 225 
1408| 46 236 
1409| 47 52 
1410| 71 99 
1411| 121 44 
1412| 56 200 
1413| 104 221 
1414| 240 198 
1415| 142 221 
1416| 33 61 
1417| 204 107 
1418| 14 242 
1419| 245 95 
1420| 57 19 
1421| 186 16 
1422| 204 95 
1423| 241 251 
1424| 76 32 
1425| 47 147 
1426| 131 169 
1427| 192 188 
1428| 113 40 
1429| 153 97 
1430| 239 39 
1431| 62 16 
1432| 100 10 
1433| 124 115 
1434| 253 113 
1435| 210 54 
1436| 132 140 
1437| 70 81 
1438| 235 55 
1439| 76 55 
1440| 88 123 
1441| 203 219 
1442| 36 139 
1443| 151 149 
1444| 179 48 
1445| 247 162 
1446| 87 53 
1447| 179 188 
1448| 64 47 
1449| 47 61 
1450| 160 1 
1451| 115 37 
1452| 141 186 
1453| 118 120 
1454| 241 194 
1455| 176 73 
1456| 61 123 
1457| 37 98 
1458| 6 188 
1459| 247 185 
1460| 237 238 
1461| 92 68 
1462| 36 15 
1463| 0 100 
1464| 62 47 
1465| 161 222 
1466| 48 20 
1467| 3 189 
1468| 206 121 
1469| 54 192 
1470| 59 230 
1471| 9 121 
1472| 97 46 
1473| 219 103 
1474| 235 210 
1475| 32 216 
1476| 193 124 
1477| 28 229 
1478| 139 29 
1479| 73 201 
1480| 76 234 
1481| 168 125 
1482| 254 171 
1483| 58 205 
1484| 37 112 
1485| 141 96 
1486| 86 150 
1487| 217 183 
1488| 197 180 
1489| 30 176 
1490| 135 63 
1491| 136 72 
1492| 187 164 
1493| 45 71 
1494| 193 118 
1495| 16 14 
1496| 96 184 
1497| 139 94 
1498| 100 197 
1499| 43 137 
1500| 54 184 
1501| 233 140 
1502| 79 195 
1503| 68 20 
1504| 119 98 
1505| 196 254 
1506| 161 76 
1507| 70 93 
1508| 240 115 
1509| 164 178 
1510| 233 180 
1511| 192 73 
1512| 109 75 
1513| 168 209 
1514| 16 211 
1515| 90 70 
1516| 140 67 
1517| 211 219 
1518| 6 23 
1519| 239 126 
1520| 121 179 
1521| 124 27 
1522| 255 195 
1523| 120 239 
1524| 54 28 
1525| 161 32 
1526| 208 97 
1527| 105 61 
1528| 172 17 
1529| 14 189 
1530| 229 104 
1531| 3 113 
1532| 172 214 
1533| 76 178 
1534| 237 59 
1535| 48 103 
1536| 238 173 
1537| 130 237 
1538| 112 250 
1539| 220 166 
1540| 22 126 
1541| 198 230 
1542| 223 48 
1543| 36 140 
1544| 65 50 
1545| 73 38 
1546| 155 76 
1547| 151 71 
1548| 35 227 
1549| 249 16 
1550| 30 42 
1551| 119 12 
1552| 215 249 
1553| 249 71 
1554| 243 214 
1555| 237 9 
1556| 84 180 
1557| 240 51 
1558| 228 20 
1559| 191 37 
1560| 70 8 
1561| 76 225 
1562| 85 227 
1563| 40 120 
1564| 199 34 
1565| 136 229 
1566| 76 0 
1567| 242 35 
1568| 249 235 
1569| 106 237 
1570| 193 87 
1571| 246 21 
1572| 11 230 
1573| 73 239 
1574| 250 8 
1575| 21 65 
1576| 17 97 
1577| 34 102 
1578| 68 75 
1579| 222 11 
1580| 109 102 
1581| 241 185 
1582| 102 227 
1583| 220 96 
1584| 206 70 
1585| 77 144 
1586| 157 67 
1587| 165 169 
1588| 42 238 
1589| 152 36 
1590| 247 173 
1591| 101 8 
1592| 14 136 
1593| 110 83 
1594| 211 76 
1595| 94 64 
1596| 178 79 
1597| 249 25 
1598| 50 213 
1599| 121 1 
1600| 27 198 
1601| 145 184 
1602| 9 54 
1603| 97 51 
1604| 37 250 
1605| 88 28 
1606| 167 189 
1607| 36 182 
1608| 69 146 
1609| 9 24 
1610| 222 103 
1611| 88 144 
1612| 183 81 
1613| 169 233 
1614| 38 34 
1615| 234 65 
1616| 232 123 
1617| 250 242 
1618| 178 91 
1619| 37 215 
1620| 85 125 
1621| 243 253 
1622| 59 23 
1623| 179 128 
1624| 169 188 
1625| 153 135 
1626| 35 241 
1627| 23 218 
1628| 67 193 
1629| 196 105 
1630| 227 174 
1631| 171 204 
1632| 42 165 
1633| 190 220 
1634| 0 227 
1635| 179 86 
1636| 97 166 
1637| 83 156 
1638| 189 6 
1639| 28 102 
1640| 194 181 
1641| 237 229 
1642| 167 4 
1643| 192 234 
1644| 197 132 
1645| 83 169 
1646| 50 254 
1647| 117 92 
1648| 163 51 
1649| 56 164 
1650| 22 235 
1651| 250 119 
1652| 145 77 
1653| 19 78 
1654| 83 48 
1655| 180 21 
1656| 229 161 
1657| 250 140 
1658| 166 186 
1659| 118 107 
1660| 62 202 
1661| 20 113 
1662| 200 137 
1663| 205 108 
1664| 188 6 
1665| 16 211 
1666| 241 10 
1667| 74 131 
1668| 87 94 
1669| 209 170 
1670| 142 134 
1671| 191 115 
1672| 39 185 
1673| 0 205 
1674| 116 118 
1675| 57 178 
1676| 64 77 
1677| 35 9 
1678| 215 241 
1679| 117 147 
1680| 247 133 
1681| 102 232 
1682| 143 177 
1683| 107 230 
1684| 15 61 
1685| 144 157 
1686| 195 79 
1687| 16 234 
1688| 8 16 
1689| 184 124 
1690| 135 241 
1691| 47 199 
1692| 62 82 
1693| 208 21 
1694| 67 69 
1695| 169 58 
1696| 202 15 
1697| 35 89 
1698| 192 142 
1699| 63 207 
1700| 203 207 
1701| 108 142 
1702| 30 125 
1703| 121 39 
1704| 141 49 
1705| 163 20 
1706| 34 210 
1707| 220 96 
1708| 37 172 
1709| 118 104 
1710| 242 31 
1711| 163 188 
1712| 46 198 
1713| 22 239 
1714| 84 85 
1715| 190 32 
1716| 37 43 
1717| 174 67 
1718| 168 39 
1719| 106 53 
1720| 88 14 
1721| 74 122 
1722| 224 38 
1723| 219 5 
1724| 210 81 
1725| 110 196 
1726| 112 17 
1727| 129 158 
1728| 215 151 
1729| 141 43 
1730| 236 76 
1731| 75 17 
1732| 119 250 
1733| 85 31 
1734| 33 191 
1735| 84 122 
1736| 205 158 
1737| 244 174 
1738| 196 207 
1739| 179 151 
1740| 32 33 
1741| 91 144 
1742| 50 220 
1743| 47 9 
1744| 115 188 
1745| 53 96 
1746| 8 128 
1747| 113 127 
1748| 122 198 
1749| 158 156 
1750| 134 243 
1751| 22 83 
1752| 145 10 
1753| 1 86 
1754| 218 181 
1755| 237 250 
1756| 214 72 
1757| 139 9 
1758| 37 186 
1759| 18 152 
1760| 118 71 
1761| 248 127 
1762| 200 106 
1763| 254 66 
1764| 48 157 
1765| 222 182 
1766| 144 244 
1767| 10 33 
1768| 255 11 
1769| 119 217 
1770| 192 100 
1771| 211 151 
1772| 173 94 
1773| 160 210 
1774| 24 178 
1775| 106 143 
1776| 250 99 
1777| 14 194 
1778| 205 12 
1779| 4 253 
1780| 169 227 
1781| 180 57 
1782| 215 190 
1783| 91 214 
1784| 201 210 
1785| 175 138 
1786| 55 131 
1787| 33 228 
1788| 225 193 
1789| 182 250 
1790| 115 32 
1791| 137 109 
1792| 131 151 
1793| 47 80 
1794| 163 52 
1795| 78 77 
1796| 23 2 
1797| 134 238 
1798| 192 225 
1799| 197 137 
1800| 180 116 
1801| 19 235 
1802| 247 52 
1803| 207 217 
1804| 245 133 
1805| 211 105 
1806| 165 92 
1807| 214 41 
1808| 243 6 
1809| 121 150 
1810| 58 199 
1811| 227 81 
1812| 201 106 
1813| 63 137 
1814| 75 4 
1815| 19 255 
1816| 121 38 
1817| 234 112 
1818| 91 185 
1819| 73 80 
1820| 62 28 
1821| 185 228 
1822| 120 144 
1823| 13 107 
1824| 150 134 
1825| 2 208 
1826| 78 229 
1827| 33 23 
1828| 79 96 
1829| 161 155 
1830| 101 180 
1831| 154 222 
1832| 218 133 
1833| 78 53 
1834| 62 152 
1835| 134 125 
1836| 180 63 
1837| 97 45 
1838| 207 110 
1839| 152 101 
1840| 244 154 
1841| 53 66 
1842| 128 86 
1843| 90 207 
1844| 183 251 
1845| 106 28 
1846| 175 5 
1847| 250 137 
1848| 138 72 
1849| 191 200 
1850| 224 69 
1851| 69 149 
1852| 132 166 
1853| 194 84 
1854| 20 90 
1855| 185 9 
1856| 245 239 
1857| 75 117 
1858| 69 165 
1859| 68 252 
1860| 160 175 
1861| 24 79 
1862| 180 18 
1863| 217 62 
1864| 91 152 
1865| 6 59 
1866| 221 76 
1867| 208 97 
1868| 242 146 
1869| 181 7 
1870| 237 111 
1871| 16 226 
1872| 94 91 
1873| 87 163 
1874| 1 155 
1875| 160 161 
1876| 74 184 
1877| 241 254 
1878| 203 202 
1879| 60 38 
1880| 98 67 
1881| 97 63 
1882| 143 50 
1883| 160 129 
1884| 196 86 
1885| 136 177 
1886| 197 152 
1887| 147 35 
1888| 244 234 
1889| 198 245 
1890| 134 102 
1891| 150 208 
1892| 31 135 
1893| 207 234 
1894| 81 11 
1895| 16 179 
1896| 78 113 
1897| 242 221 
1898| 163 147 
1899| 95 104 
1900| 233 231 
1901| 25 174 
1902| 128 173 
1903| 209 116 
1904| 151 151 
1905| 105 29 
1906| 254 255 
1907| 238 29 
1908| 135 189 
1909| 7 216 
1910| 200 23 
1911| 140 23 
1912| 136 126 
1913| 244 44 
1914| 17 83 
1915| 148 250 
1916| 59 173 
1917| 168 187 
1918| 90 121 
1919| 47 242 
1920| 17 152 
1921| 15 15 
1922| 151 253 
1923| 44 30 
1924| 186 51 
1925| 247 131 
1926| 74 131 
1927| 154 210 
1928| 1 142 
1929| 254 19 
1930| 226 146 
1931| 13 29 
1932| 64 182 
1933| 216 154 
1934| 47 7 
1935| 140 64 
1936| 159 156 
1937| 79 54 
1938| 153 123 
1939| 85 84 
1940| 174 76 
1941| 215 248 
1942| 207 113 
1943| 203 208 
1944| 255 201 
1945| 227 225 
1946| 92 241 
1947| 254 156 
1948| 167 214 
1949| 54 214 
1950| 221 195 
1951| 23 124 
1952| 95 102 
1953| 179 248 
1954| 226 8 
1955| 76 144 
1956| 84 35 
1957| 137 35 
1958| 148 84 
1959| 243 148 
1960| 29 215 
1961| 117 121 
1962| 200 116 
1963| 21 111 
1964| 74 76 
1965| 69 40 
1966| 15 92 
1967| 164 110 
1968| 195 87 
1969| 102 165 
1970| 95 179 
1971| 53 179 
1972| 214 190 
1973| 214 107 
1974| 18 202 
1975| 255 48 
1976| 161 116 
1977| 169 105 
1978| 232 191 
1979| 216 51 
1980| 11 29 
1981| 91 26 
1982| 122 255 
1983| 136 61 
1984| 87 238 
1985| 226 182 
1986| 161 23 
1987| 106 120 
1988| 214 64 
1989| 227 232 
1990| 10 226 
1991| 24 171 
1992| 86 194 
1993| 20 63 
1994| 129 236 
1995| 114 140 
1996| 10 205 
1997| 166 132 
1998| 204 46 
1999| 193 35 
