1000
0| 151 68 
1| 163 218 
2| 146 54 
3| 143 150 
4| 153 246 
5| 4 215 
6| 133 210 
7| 133 204 
8| 105 208 
9| 137 174 
10| 48 166 
11| 149 74 
12| 96 53 
13| 59 195 
14| 68 89 
15| 9 219 
16| 157 172 
17| 181 48 
18| 226 69 
19| 198 123 
20| 59 203 
21| 82 192 
22| 157 215 
23| 140 7 
24| 168 21 
25| 181 216 
26| 188 75 
27| 34 28 
28| 128 93 
29| 224 196 
30| 182 233 
31| 159 84 
32| 150 85 
33| 132 120 
34| 154 74 
35| 244 213 
36| 21 70 
37| 150 179 
38| 30 34 
39| 186 198 
40| 56 111 
41| 158 244 
42| 186 192 
43| 16 58 
44| 29 240 
45| 254 212 
46| 218 158 
47| 40 112 
48| 243 172 
49| 232 141 
50| 246 220 
51| 98 12 
52| 35 248 
53| 191 65 
54| 27 121 
55| 7 83 
56| 232 165 
57| 71 163 
58| 101 87 
59| 221 130 
60| 72 220 
61| 86 34 
62| 122 126 
63| 146 109 
64| 42 122 
65| 250 33 
66| 87 92 
67| 45 122 
68| 85 236 
69| 187 112 
70| 101 194 
71| 195 77 
72| 103 10 
73| 240 204 
74| 97 206 
75| 78 169 
76| 170 165 
77| 203 36 
78| 35 93 
79| 145 78 
80| 216 139 
81| 111 47 
82| 231 156 
83| 169 60 
84| 136 100 
85| 172 237 
86| 38 111 
87| 58 141 
88| 121 43 
89| 89 219 
90| 249 167 
91| 132 163 
92| 76 80 
93| 199 112 
94| 173 88 
95| 190 133 
96| 227 45 
97| 180 202 
98| 201 93 
99| 7 81 
100| 193 179 
101| 62 231 
102| 35 120 
103| 116 156 
104| 163 205 
105| 119 156 
106| 117 252 
107| 63 193 
108| 76 6 
109| 49 249 
110| 94 239 
111| 127 65 
112| 28 51 
113| 12 229 
114| 145 19 
115| 54 82 
116| 198 116 
117| 58 233 
118| 237 174 
119| 134 144 
120| 124 253 
121| 45 241 
122| 249 108 
123| 178 69 
124| 115 228 
125| 63 209 
126| 211 190 
127| 19 240 
128| 241 31 
129| 213 130 
130| 50 12 
131| 213 248 
132| 128 15 
133| 226 109 
134| 189 104 
135| 254 57 
136| 101 43 
137| 42 95 
138| 151 221 
139| 164 10 
140| 193 227 
141| 220 148 
142| 161 239 
143| 132 147 
144| 14 90 
145| 21 64 
146| 102 234 
147| 56 230 
148| 249 26 
149| 84 183 
150| 130 82 
151| 240 232 
152| 125 27 
153| 71 20 
154| 248 235 
155| 31 185 
156| 207 251 
157| 77 112 
158| 234 210 
159| 3 248 
160| 44 25 
161| 56 146 
162| 3 112 
163| 120 253 
164| 139 204 
165| 180 13 
166| 30 164 
167| 245 155 
168| 191 60 
169| 176 183 
170| 40 207 
171| 112 247 
172| 202 190 
173| 103 180 
174| 144 107 
175| 172 188 
176| 132 228 
177| 78 135 
178| 84 198 
179| 132 223 
180| 147 56 
181| 237 177 
182| 221 226 
183| 77 156 
184| 31 253 
185| 84 71 
186| 204 196 
187| 62 150 
188| 130 165 
189| 74 18 
190| 16 246 
191| 206 148 
192| 218 28 
193| 28 46 
194| 227 160 
195| 14 118 
196| 217 251 
197| 39 182 
198| 221 116 
199| 82 252 
200| 113 166 
201| 67 61 
202| 107 129 
203| 211 237 
204| 39 29 
205| 0 55 
206| 19 206 
207| 204 237 
208| 235 232 
209| 28 206 
210| 136 42 
211| 68 97 
212| 37 107 
213| 23 2 
214| 224 106 
215| 255 81 
216| 16 66 
217| 143 123 
218| 196 98 
219| 105 235 
220| 128 105 
221| 34 147 
222| 55 238 
223| 129 34 
224| 214 157 
225| 240 95 
226| 199 52 
227| 192 236 
228| 160 216 
229| 238 128 
230| 66 237 
231| 209 82 
232| 48 96 
233| 206 244 
234| 195 55 
235| 223 67 
236| 160 1 
237| 214 215 
238| 240 87 
239| 250 198 
240| 244 234 
241| 37 187 
242| 31 230 
243| 167 191 
244| 190 150 
245| 63 0 
246| 131 16 
247| 82 179 
248| 113 32 
249| 167 52 
250| 87 134 
251| 119 247 
252| 136 77 
253| 207 120 
254| 165 201 
255| 62 153 
256| 179 100 
257| 85 210 
258| 74 252 
259| 145 8 
260| 146 208 
261| 8 22 
262| 225 90 
263| 201 82 
264| 123 113 
265| 134 210 
266| 247 253 
267| 202 127 
268| 74 153 
269| 247 239 
270| 98 54 
271| 137 21 
272| 154 222 
273| 232 228 
274| 218 121 
275| 236 109 
276| 74 244 
277| 131 43 
278| 78 76 
279| 125 201 
280| 189 3 
281| 156 181 
282| 0 102 
283| 52 74 
284| 255 44 
285| 58 97 
286| 98 195 
287| 118 252 
288| 161 94 
289| 224 123 
290| 216 204 
291| 232 34 
292| 192 107 
293| 77 14 
294| 184 202 
295| 216 117 
296| 205 116 
297| 42 205 
298| 218 95 
299| 23 217 
300| 139 81 
301| 58 237 
302| 20 176 
303| 233 181 
304| 15 201 
305| 49 231 
306| 149 25 
307| 9 85 
308| 133 86 
309| 99 61 
310| 32 59 
311| 178 237 
312| 175 221 
313| 186 137 
314| 60 209 
315| 98 199 
316| 35 156 
317| 180 55 
318| 77 157 
319| 237 92 
320| 102 30 
321| 67 251 
322| 55 76 
323| 80 188 
324| 162 179 
325| 249 194 
326| 239 172 
327| 175 158 
328| 137 105 
329| 40 197 
330| 58 138 
331| 140 93 
332| 39 64 
333| 149 116 
334| 221 130 
335| 208 67 
336| 160 19 
337| 62 215 
338| 95 142 
339| 148 1 
340| 65 141 
341| 195 48 
342| 57 114 
343| 207 194 
344| 219 247 
345| 135 21 
346| 129 19 
347| 115 168 
348| 83 8 
349| 28 48 
350| 138 236 
351| 115 42 
352| 255 177 
353| 1 94 
354| 63 149 
355| 95 129 
356| 35 34 
357| 177 92 
358| 148 128 
359| 31 111 
360| 119 166 
361| 133 249 
362| 186 248 
363| 161 13 
364| 0 190 
365| 62 138 
366| 170 177 
367| 180 170 
368| 99 181 
369| 8 162 
370| 75 104 
371| 35 110 
372| 138 213 
373| 202 31 
374| 85 233 
375| 142 205 
376| 144 19 
377| 198 74 
378| 11 103 
379| 87 11 
380| 37 149 
381| 149 208 
382| 71 73 
383| 122 170 
384| 255 130 
385| 76 74 
386| 234 112 
387| 184 117 
388| 69 130 
389| 148 154 
390| 108 34 
391| 103 252 
392| 54 45 
393| 70 65 
394| 149 157 
395| 77 186 
396| 51 226 
397| 138 122 
398| 44 4 
399| 36 43 
400| 135 112 
401| 117 113 
402| 224 45 
403| 230 37 
404| 175 122 
405| 192 27 
406| 157 39 
407| 23 211 
408| 85 93 
409| 20 234 
410| 251 97 
411| 164 46 
412| 68 47 
413| 168 112 
414| 51 204 
415| 155 186 
416| 60 16 
417| 44 29 
418| 61 18 
419| 66 236 
420| 141 2 
421| 8 42 
422| 42 31 
423| 253 127 
424| 125 17 
425| 105 120 
426| 115 13 
427| 166 183 
428| 60 78 
429| 39 112 
430| 26 194 
431| 42 86 
432| 210 86 
433| 115 15 
434| 105 182 
435| 251 246 
436| 184 3 
437| 32 226 
438| 35 29 
439| 97 160 
440| 46 202 
441| 24 161 
442| 216 190 
443| 88 20 
444| 12 127 
445| 132 38 
446| 65 175 
447| 124 19 
448| 5 240 
449| 34 110 
450| 166 30 
451| 100 94 
452| 33 132 
453| 65 68 
454| 161 162 
455| 228 208 
456| 109 252 
457| 113 69 
458| 186 202 
459| 89 198 
460| 73 222 
461| 236 139 
462| 141 105 
463| 158 146 
464| 89 193 
465| 1 255 
466| 223 101 
467| 93 0 
468| 234 158 
469| 69 139 
470| 65 41 
471| 91 174 
472| 38 205 
473| 243 224 
474| 151 76 
475| 167 224 
476| 42 147 
477| 107 183 
478| 252 10 
479| 74 85 
480| 203 75 
481| 84 170 
482| 176 178 
483| 170 154 
484| 80 239 
485| 38 145 
486| 25 129 
487| 63 63 
488| 78 50 
489| 31 229 
490| 127 198 
491| 198 169 
492| 90 49 
493| 97 86 
494| 59 171 
495| 172 6 
496| 246 0 
497| 176 166 
498| 178 91 
499| 65 3 
500| 74 103 
501| 148 99 
502| 232 212 
503| 162 55 
504| 6 194 
505| 28 133 
506| 136 226 
507| 47 226 
508| 20 144 
509| 57 79 
510| 59 229 
511| 86 49 
512| 229 6 
513| 215 152 
514| 97 24 
515| 155 172 
516| 127 47 
517| 15 104 
518| 3 178 
519| 159 10 
520| 116 187 
521| 143 252 
522| 158 190 
523| 223 178 
524| 78 24 
525| 1 137 
526| 253 87 
527| 186 226 
528| 94 146 
529| 122 191 
530| 170 21 
531| 107 42 
532| 69 123 
533| 146 72 
534| 45 49 
535| 82 161 
536| 236 226 
537| 157 138 
538| 160 124 
539| 60 239 
540| 148 62 
541| 120 145 
542| 149 51 
543| 116 243 
544| 197 238 
545| 179 111 
546| 4 30 
547| 153 73 
548| 153 43 
549| 145 198 
550| 92 228 
551| 103 73 
552| 198 5 
553| 211 102 
554| 129 16 
555| 85 22 
556| 78 206 
557| 167 227 
558| 1 27 
559| 215 198 
560| 10 138 
561| 53 14 
562| 168 207 
563| 87 66 
564| 250 232 
565| 8 87 
566| 204 112 
567| 160 146 
568| 117 115 
569| 249 246 
570| 131 78 
571| 12 209 
572| 28 180 
573| 181 29 
574| 207 140 
575| 227 217 
576| 22 25 
577| 231 190 
578| 232 62 
579| 0 226 
580| 39 9 
581| 57 243 
582| 121 217 
583| 134 238 
584| 77 127 
585| 228 208 
586| 205 241 
587| 162 234 
588| 165 87 
589| 7 116 
590| 227 235 
591| 78 249 
592| 4 53 
593| 183 236 
594| 116 184 
595| 206 155 
596| 193 8 
597| 142 58 
598| 225 20 
599| 40 46 
600| 147 12 
601| 255 97 
602| 253 161 
603| 75 162 
604| 248 82 
605| 23 219 
606| 61 101 
607| 212 65 
608| 154 139 
609| 45 14 
610| 67 252 
611| 169 4 
612| 4 56 
613| 62 229 
614| 76 102 
615| 20 224 
616| 115 19 
617| 65 112 
618| 180 140 
619| 19 172 
620| 222 42 
621| 135 28 
622| 143 91 
623| 93 41 
624| 230 139 
625| 56 42 
626| 135 225 
627| 46 139 
628| 25 109 
629| 112 102 
630| 211 132 
631| 70 70 
632| 151 135 
633| 183 75 
634| 19 202 
635| 247 241 
636| 244 126 
637| 13 131 
638| 217 107 
639| 172 192 
640| 246 228 
641| 234 125 
642| 198 24 
643| 8 223 
644| 133 120 
645| 69 89 
646| 253 139 
647| 159 148 
648| 18 86 
649| 224 37 
650| 32 215 
651| 23 20 
652| 86 36 
653| 151 47 
654| 143 68 
655| 239 133 
656| 40 217 
657| 2 238 
658| 242 10 
659| 206 119 
660| 131 19 
661| 208 128 
662| 159 112 
663| 20 177 
664| 198 244 
665| 215 231 
666| 204 238 
667| 251 34 
668| 18 147 
669| 81 162 
670| 215 65 
671| 39 255 
672| 26 42 
673| 238 12 
674| 52 188 
675| 132 183 
676| 207 84 
677| 55 110 
678| 196 76 
679| 32 139 
680| 64 247 
681| 114 12 
682| 229 109 
683| 46 247 
684| 0 128 
685| 153 215 
686| 193 193 
687| 215 219 
688| 235 197 
689| 232 31 
690| 129 108 
691| 215 80 
692| 192 14 
693| 191 133 
694| 90 223 
695| 16 155 
696| 214 130 
697| 167 187 
698| 239 214 
699| 178 240 
700| 86 76 
701| 199 23 
702| 13 158 
703| 242 248 
704| 99 218 
705| 23 228 
706| 70 238 
707| 53 7 
708| 253 244 
709| 140 87 
710| 211 156 
711| 242 169 
712| 30 154 
713| 100 13 
714| 112 22 
715| 253 198 
716| 98 197 
717| 221 111 
718| 99 207 
719| 103 199 
720| 170 127 
721| 171 240 
722| 109 224 
723| 247 106 
724| 212 131 
725| 194 167 
726| 31 180 
727| 80 61 
728| 78 180 
729| 75 190 
730| 203 72 
731| 132 45 
732| 13 97 
733| 157 113 
734| 49 4 
735| 56 219 
736| 131 227 
737| 203 241 
738| 196 195 
739| 91 152 
740| 70 29 
741| 64 102 
742| 210 144 
743| 163 32 
744| 69 238 
745| 223 16 
746| 55 99 
747| 61 68 
748| 197 218 
749| 181 246 
750| 223 237 
751| 209 98 
752| 209 156 
753| 83 149 
754| 95 175 
755| 45 166 
756| 204 109 
757| 12 158 
758| 254 175 
759| 191 67 
760| 158 158 
761| 83 213 
762| 1 144 
763| 25 198 
764| 107 207 
765| 188 74 
766| 188 141 
767| 172 141 
768| 42 0 
769| 34 137 
770| 175 80 
771| 47 123 
772| 189 59 
773| 26 187 
774| 235 217 
775| 254 137 
776| 119 81 
777| 94 120 
778| 226 119 
779| 63 77 
780| 70 251 
781| 151 3 
782| 137 67 
783| 144 179 
784| 67 179 
785| 60 242 
786| 3 108 
787| 110 192 
788| 167 136 
789| 124 146 
790| 97 122 
791| 27 216 
792| 204 121 
793| 80 174 
794| 241 143 
795| 251 55 
796| 139 146 
797| 58 20 
798| 213 203 
799| 199 25 
800| 126 3 
801| 11 129 
802| 111 121 
803| 65 23 
804| 1 189 
805| 169 98 
806| 56 197 
807| 58 4 
808| 62 139 
809| 178 47 
810| 26 173 
811| 103 165 
812| 63 161 
813| 185 20 
814| 108 128 
815| 45 234 
816| 132 57 
817| 107 243 
818| 178 173 
819| 10 180 
820| 106 180 
821| 22 162 
822| 121 81 
823| 166 183 
824| 220 88 
825| 231 246 
826| 5 78 
827| 156 68 
828| 239 85 
829| 89 92 
830| 214 134 
831| 70 90 
832| 191 178 
833| 77 114 
834| 95 88 
835| 38 201 
836| 12 60 
837| 108 133 
838| 141 18 
839| 60 105 
840| 107 35 
841| 96 112 
842| 113 252 
843| 181 97 
844| 81 14 
845| 189 39 
846| 148 3 
847| 129 84 
848| 181 207 
849| 198 20 
850| 39 236 
851| 222 51 
852| 40 74 
853| 184 182 
854| 92 244 
855| 31 199 
856| 24 127 
857| 56 137 
858| 123 237 
859| 234 205 
860| 251 167 
861| 244 143 
862| 171 118 
863| 227 96 
864| 69 169 
865| 117 108 
866| 149 83 
867| 159 190 
868| 157 87 
869| 116 249 
870| 75 147 
871| 193 99 
872| 19 249 
873| 237 142 
874| 230 215 
875| 91 225 
876| 127 80 
877| 112 42 
878| 198 84 
879| 138 11 
880| 253 255 
881| 119 147 
882| 82 22 
883| 81 239 
884| 109 197 
885| 233 184 
886| 88 170 
887| 28 107 
888| 163 9 
889| 250 137 
890| 224 85 
891| 106 95 
892| 165 218 
893| 137 107 
894| 46 20 
895| 118 44 
896| 19 237 
897| 191 102 
898| 3 16 
899| 85 112 
900| 213 62 
901| 41 45 
902| 232 69 
903| 153 139 
904| 78 147 
905| 20 46 
906| 232 126 
907| 142 142 
908| 89 23 
909| 249 135 
910| 43 112 
911| 179 63 
912| 93 114 
913| 165 97 
914| 130 250 
915| 209 87 
916| 57 250 
917| 133 33 
918| 63 30 
919| 173 141 
920| 177 193 
921| 188 153 
922| 64 74 
923| 39 153 
924| 97 33 
925| 32 141 
926| 145 212 
927| 204 238 
928| 70 113 
929| 79 201 
930| 107 33 
931| 32 164 
932| 27 165 
933| 198 91 
934| 195 115 
935| 232 116 
936| 52 164 
937| 14 116 
938| 238 53 
939| 13 80 
940| 86 46 
941| 221 231 
942| 2 169 
943| 214 72 
944| 26 37 
945| 17 133 
946| 70 50 
947| 42 98 
948| 215 240 
949| 189 155 
950| 99 165 
951| 15 151 
952| 74 29 
953| 12 56 
954| 83 25 
955| 136 169 
956| 71 101 
957| 145 73 
958| 14 103 
959| 146 40 
960| 140 163 
961| 174 211 
962| 213 216 
963| 53 173 
964| 200 242 
965| 72 43 
966| 151 87 
967| 194 225 
968| 117 206 
969| 26 200 
970| 232 162 
971| 113 47 
972| 8 2 
973| 121 22 
974| 105 11 
975| 63 246 
976| 174 237 
977| 201 132 
978| 197 254 
979| 49 141 
980| 240 121 
981| 184 135 
982| 208 122 
983| 105 69 
984| 73 131 
985| 13 49 
986| 37 127 
987| 96 45 
988| 129 217 
989| 68 235 
990| 228 131 
991| 225 147 
992| 112 170 
993| 23 53 
994| 168 72 
995| 194 152 
996| 193 122 
997| 31 145 
998| 244 136 
999| 215 61 
